[343446597]
n: 1, i: 1, time delta: 26, mem delta: -4036304
[-700102180]
n: 1, i: 2, time delta: 3, mem delta: 634784
[406395535]
n: 1, i: 3, time delta: 4, mem delta: 676480
[803906598, 823071785]
n: 2, i: 1, time delta: 10, mem delta: 1452160
[1002034824, 855788479]
n: 2, i: 2, time delta: 7, mem delta: 1384600
[671061180, -698856597]
n: 2, i: 3, time delta: 6, mem delta: -4717008
[303007643, 949092582, 904258599, -755743756]
n: 4, i: 1, time delta: 14, mem delta: 3726712
[-1028476654, -389211001, 1044292606, 672189366]
n: 4, i: 2, time delta: 14, mem delta: -4080440
[-852736830, 293751130, 830349098, -653473881]
n: 4, i: 3, time delta: 13, mem delta: 6522232
[917553869, -10172719, 900787361, -904692648, -814710993, -564972475, -169857971, 953517622]
n: 8, i: 1, time delta: 33, mem delta: 24055728
[-371888520, -727210814, 522809355, 82238299, -517223532, -677845653, 153416398, 136630546]
n: 8, i: 2, time delta: 34, mem delta: 15514600
[1047922886, 1057587340, 452780004, -126042394, 948018611, 337618747, 314739793, 991656293]
n: 8, i: 3, time delta: 29, mem delta: 15485440
[920216731, -666252375, -851794857, 387415670, 923490466, -595175926, 262631191, 782978388, 1006806860, 125926943, -349672879, 129172518, 487859976, 453178204, -1002921912, -436732611]
n: 16, i: 1, time delta: 86, mem delta: -40111960
[619341027, -287990341, 80296385, -712587799, -790652067, -479305443, -762581463, 74934520, -223935399, 1035693400, -581364778, 265660108, -712239059, 374621409, -313052570, 106321176]
n: 16, i: 2, time delta: 87, mem delta: 38441712
[-450532390, 962282519, 969283908, -824131529, 239206485, -597421270, -701653943, 71731241, -13437692, 289344678, 72366206, -126741718, -276779196, 641745568, 801374976, -277131279]
n: 16, i: 3, time delta: 87, mem delta: 33643024
[-944133849, -820417413, 9987069, 403972482, -914736837, -12015785, 722812890, 641298096, 288343429, -585985256, 193482871, 749432627, -477170803, -660802034, 945787018, 150958177, -816085101, 1051177286, 110869288, -288953459, 840549599, -63672468, 722731362, -739547143, 111952182, 751442011, 372520972, -929283464, 81673577, 377992003, 703651737, -274525019]
n: 32, i: 1, time delta: 220, mem delta: 33373064
[663336199, -829750922, -960460766, 38081977, 629765938, 938064847, -761252987, 816017165, 857389711, -1002373953, -56592470, 41033261, -86589865, -716373771, 710099681, 326934165, -702272885, 733218986, -959560601, -177654517, -435617468, 718390150, -889971960, -266381672, 968954664, 679301426, -998863906, 834880804, 898238712, -249921413, 916857655, -570385491]
n: 32, i: 2, time delta: 147, mem delta: 98759160
[550843463, -731408609, -909655659, -872471516, 815823174, 419662904, -647055666, 377024740, 70960058, -935510206, -798872236, -140618800, -313681650, 939185611, 50251663, 174320903, 1053587844, 772868534, 66154854, 371239751, -763108729, -103493077, 146180061, 463812571, -41098211, 44986655, -476538663, 701753410, -569943176, -878997637, -904127234, -86511778]
n: 32, i: 3, time delta: 142, mem delta: -174178144
[256640171, -729894420, -50745927, -871618475, -26692230, 91549766, 1988953, 218985736, -632540342, -355501675, 901896024, -1007007186, 246167095, 542969538, 295468728, -182410484, 763841349, -787989025, -322764663, -319473965, -1035114578, -15611889, 499910791, -406689386, -699064487, -973390827, -205257248, -1062530330, 359698540, 2912119, 120946194, -788212724, -632015368, 136257614, -11506701, 323966946, 506655699, -234444371, 136400074, 97089102, -258617981, -467774292, 703634843, -579152548, -383067562, 396849168, 997042817, -1021820425, -735172465, -876021608, 206811699, -787310012, -599236165, 949304295, 182878121, 419677083, -848682463, 269910025, 873708503, -332741085, -261614249, 873093539, 509106584, 241158153]
OpenJDK 64-Bit Server VM warning: Option FlightRecorder was deprecated in version 13.0 and will likely be removed in a future release.
OpenJDK 64-Bit Server VM warning: Option FlightRecorder was deprecated in version 13.0 and will likely be removed in a future release.
n: 64, i: 1, time delta: 481, mem delta: 245288032
[-703919631, 562297532, -287466074, -965066147, -351777195, -1029151710, 884434118, -835753591, 134858922, -155450502, -270177791, -208379026, 515005423, -127408152, -1026330868, 122651933, 360860712, -367700138, -911193911, 96301614, 432567218, 857812581, -919473690, -763193407, -611828808, 51713262, 240969123, 47127823, 277440958, -257216204, 214377650, -224197717, 952497243, 968991656, 615736887, -163458725, 943403267, 170767703, 1013389039, 375438733, 736546050, -835501324, 6678636, 957348984, 915219333, 149130878, 250073726, -359702064, -588406061, -814792307, -267745106, 164115749, 962794137, 858393151, 202212836, -945180199, 397978978, -516236103, 460845096, 616778940, -1067835611, 257590108, -59132283, 349141318]
n: 64, i: 2, time delta: 446, mem delta: -170121976
[-451699976, 959629190, 424504074, 907233392, 444094947, -326427390, -352945430, 505600815, -623315761, 672422413, 848266947, 1012941454, 395848606, 133408262, 865516795, 336201575, -356267180, -725260111, -10340281, -980929603, -297761422, 542352423, -750484410, 880433081, -357389725, 323470174, 625225, -747199425, -608511728, 928417617, 74860598, 1058133293, -935537266, -94020404, 830067586, 826885424, 223860983, -476904234, 870599259, -932960958, -728052650, 125966778, -589269784, 242643396, -285998916, -329082188, -97060696, -931143885, -721217937, -1063237579, 95297527, -682977142, 200074562, -210879789, 231167919, -598652619, 113006592, -649806128, -506747669, -139359059, -992457470, 778903110, 162165991, 556236212]
n: 64, i: 3, time delta: 408, mem delta: 136656600
[222670304, -410541076, 868370691, -18825425, 896405572, 640860295, -178200346, -717162341, -870952486, 859757807, 784377023, -132685779, -1019887261, 382272188, 715338151, -1799030, -57309463, 433005966, -1065022941, 1044998176, -290906867, -420251914, 216304837, -819216353, -468988548, -439300347, 894857969, 371886360, 630997632, 1008259950, 4471229, 423858992, -462528589, -766171302, 643102450, -206698496, -19090482, -231764535, 734477360, 42511373, 1040577951, 1043957920, 42650157, -38765089, -199746023, 904568403, -724371938, 830729408, 923914629, -728428497, -951663826, 606109971, -532944425, 704867140, 134337067, 896299086, 27792411, 602799598, 610888000, -224708971, 1033802510, -551691264, -846531107, -747376652, 523524297, -964445300, -714241357, 856804153, -664548968, -127691696, -711590949, -759000980, 739613162, -627405888, -401253610, -240331540, -424912544, 496195499, -621562321, 380049192, -319005432, 441835917, -37414531, 79862774, 960682659, -706636686, -254478203, -501184621, 717891362, -414294142, -860602692, -514503624, -57267664, 363271981, 171469417, -7985067, -523028247, 380665587, -1036110935, 1043205741, -890066520, 729474512, -941071988, 984805517, -58486019, 928046915, 666603357, -716568214, 504055742, -806075654, -66993152, 599350550, -326614476, -339526372, 258792819, -185709729, -16560010, -437135054, -669191562, -339431996, 12448724, -954134093, 387968071, 123181845, 692716906, -136114646, -447628665, -580089178]
n: 128, i: 1, time delta: 1760, mem delta: -52793072
[591778260, -473114106, 978887480, -1046793937, 767098368, 825261566, 862933224, -178253501, 1044490014, 673121823, -35233561, -940746389, 8802229, -109011341, 518083507, -135444001, 819481551, -578187184, 854516085, -954008608, 1035697749, -231372230, 584766628, 193594549, 155408757, -480297866, -409490232, -924643777, -721275841, -450825172, -411014311, -534569157, -792254641, -552894665, -677966650, -509809388, 918012581, 906707597, 434786193, 1050095971, 295046801, -668463802, -820671593, -990339836, 156789193, 524997195, 502758254, 56730326, -574622051, 796725916, -160892441, -820644850, -546084543, -330800579, -804596302, 52111416, 24062281, -728165954, -447611615, 646949580, -612837324, 57517670, -689216507, 655665257, 835940127, 105736955, 679814580, -992520783, 668091802, -476380367, -199195348, 871467456, -180587624, -956527699, 342396242, -266385847, 651632768, 1071739060, -750570669, 600205135, 805597536, -28916364, -737215188, 61297790, 1062070337, 517834223, 249384516, -924766684, 889988757, 105041280, 463051830, -924741681, 793453773, -776950772, -74453587, 234857091, -274132729, 453960646, -1052170903, 495179928, -664852763, 959805854, -933643426, 475614510, 939979385, -802708921, -1062754821, 809197902, 86216796, 648820195, 620123528, -142487393, 572366046, -812551090, -816594008, 1062672322, 962176087, 800883716, -445662978, 986228298, 444335772, 998356400, 857115372, -94505381, 854220686, 206124626, 68858743, 324748254]
n: 128, i: 2, time delta: 2715, mem delta: -180605264
[-347494708, 332691979, -183712442, -249152162, -616998776, 120801672, -245932599, -703682430, -822142601, -46400503, -573778057, -660433881, 89876450, 835258381, -762405329, 659903001, 91687898, 951497884, -627955776, -549842321, -152954744, -465677008, 671462020, 394697344, -216502110, -25617855, 60230695, -803196539, -569581574, 606806124, -884948346, -717456179, 687537201, -937949121, -135905102, -557734505, 22093448, -861077341, -707954157, 724353679, -804853545, -496972313, 588047785, 553328360, 558491542, -899090587, -1032934546, -427648750, -802094312, -538188333, -986315304, 7271193, 926978520, -397779928, 12712314, -27423078, 806616556, 974607656, 1045996746, -1058099614, -274788458, 142339982, 1033406973, -457508956, 273157882, 381006550, 692147470, 596479191, -121827607, 934811300, -799293474, -860963798, -788933925, -983640364, -1017096586, 730913701, -73866756, -810729953, 267844968, -378499875, -547260067, 401551718, -228246445, 471024211, -718459061, -674011746, -941658492, 895647851, -606389827, 1046661721, -254731334, -355470332, -332109338, 45077229, 536009474, 802560184, -1065218325, -958863293, -959954495, 506120369, -934604369, 136572222, 134643920, 871673894, -347227191, -819109947, 881619393, -634765711, -595477609, 872693871, 438236736, 315641551, -304801940, -701199670, 405318549, -1044880717, -930094620, -892032952, -328592314, -163452985, -940203687, -280565817, 536312282, -954227840, 687373422, -450452549, -164370248, -1042678180]
n: 128, i: 3, time delta: 2709, mem delta: 65222424
[968973768, -479633157, -942880723, 274237627, -409902883, 347525156, -114315124, 717796183, 607386084, 134167470, 783040879, 828200290, -620860692, 218533001, -762455524, 390216251, -11519991, -1013797005, -954911228, 811110604, -456037207, 600753369, 762842981, 25474691, 1063691268, -572447385, 1007487502, 220428266, 589293234, -867637970, -894678974, 440697061, 442928982, -789045391, 556870582, -550939000, 863996024, 854258956, -284171083, 971232402, -113617551, -573585534, 607752548, 174377098, -226854785, -707536222, 221499167, -679811979, 5236728, 661661396, -93011967, 231465777, 330065052, -523975163, -471685501, 945117298, -40983805, 206439725, 753293628, 52446806, -472294859, 841270393, 368177350, -634768730, 823880024, -567513062, 835793345, 297276843, -9476476, -1054114902, 766465265, 1039342763, -781449037, -177214922, -225054845, -747316737, -989593900, 602934508, 274914669, 820518098, -632625666, -311410078, -252760078, -54703496, -864145214, 783884416, 478102085, -54217880, 697037209, 469111564, 917780037, -34669096, 817797756, 344660176, 121191271, 136011763, 592700307, 246475114, 392896946, -832764998, 45492997, 328297904, 207543011, -484667788, 317898734, 101913789, 185838512, 512779731, -906188178, 245378973, 627568426, 81128613, 1014145758, 94379409, 229862971, -786460365, 135793182, -5590273, -1026003633, 412034874, 370922762, 643491065, -145968624, -820926589, -926581493, -307469464, -315759799, 713625377, -397465655, -526357547, 738772204, 375568455, -491431938, 52477651, -1062145490, -956029245, 490183014, -10730995, -729884720, 1054728731, 692763091, 147290344, -375140231, 907253571, -655081123, -551313964, 35677503, 589454327, -250610762, -485374412, 476501061, -362705477, 100369563, 6560488, 1005854590, -515348883, -307173018, 1060491123, -11795056, -123076476, -661089856, -864869938, -337090861, 3876071, 426492277, -544912184, 435337336, 22076524, -410770080, 971699992, 86394823, 880565995, 50986373, -314291967, 539242368, -585590273, -692480451, 1029862048, -1179293, 10955097, 277996172, -522384171, -733329972, 429800128, 885598606, 673996492, -274328714, -1012500567, -100542192, -269602265, -944168608, -505434514, 302559036, 1064009674, 65393868, 808752430, -125399700, 55566146, -316347036, -760111038, 69428767, -228048174, 895783288, 651724375, -474163191, -36885988, -1011049374, -223761363, 933898308, 666178921, 869675275, -46771733, 934309285, 384738197, -679300474, 279051292, -463151318, 491676826, -505518887, -483970486, -1016572017, 1003686583, -308471843, 731598133, -263831553, -796703684, -933011909, -810635600, 150090727, -894228491, -243993962, 979524889, -939339801, -820789711, -358019897, 763468915, 620576226, 340643949, 429885763, 821935906, -211013579, 865192354, -927079270, -529266622, -449438204, -652668632, -1045877480, -41346652, 785494704, -474879419, 635579534, 851642213, 162824805, -155876777, 536554539, -440218835]
n: 256, i: 1, time delta: 15408, mem delta: -85782504
[-641255985, -271026279, -726477693, -1026592511, 116096748, 750830229, -852112462, 842069958, -690796291, 802196518, -620702822, 662601555, -89279082, -960226775, 74926663, -345833935, 111515861, -382100288, 861802100, 857037042, -403290449, 329008706, 438888999, 427054378, -594107546, -254232637, -897006217, 33849871, 843548950, -514364357, -519371922, -174731095, 559002735, -795186091, 318671625, -591907403, 982551165, 925250774, 324607580, -788377828, -743822941, 145906088, 689947090, -517822709, -324380761, 1033703299, -671148654, 476303023, 918355686, 48588343, 107782910, -363517298, -39973720, 807574935, 569917525, -162665851, -6315378, -1012162811, 713346168, -1038268582, 268741928, -787987049, -233724726, -149766147, 1006440867, -847855901, -323856592, -767905696, -319699808, 745139821, -244829640, 332872687, -165528545, 118119849, -655788715, -933026386, -50737510, -57548114, -316931256, -362033169, -904220370, -965556358, 256219291, -236372564, 772105972, 1027464156, -237918136, 319721350, 312382319, -423134206, 355278966, -109373861, -138264035, -373148257, 532314467, 886814078, 196269360, 126244280, -479948707, 722333334, 966978903, 78137612, -839061270, 223449364, -1006846795, -1057728226, 1014648327, -273963182, 981358323, -570101792, 913706381, -487793851, -186011535, 965815294, -82581584, -730387233, 587210391, 409219012, 686603426, -159222780, -588494006, 491402412, 264626773, 635226150, -516248197, 717688200, 787500125, -157579393, -30426919, -4562616, -767619085, -243050518, -53733722, 282101865, 398124566, 1001986911, 792877479, 795055867, 430992843, 523465225, 2539317, 14597452, 361828486, 738460678, 978890609, -261174986, -998602079, -1031181126, 1018089109, -630377982, -331924983, 277758416, -622227099, -98584328, -280398600, -857255985, -729979196, 230508677, 708201180, -437598636, -1065047966, -355902457, 401092951, -524571150, 498771091, 6412855, 80232288, -981425758, -656133317, 850390067, -936068986, 886203881, 547317734, -387253465, 811977301, -325150843, 39523060, 921018007, 700284369, 939805651, 575661041, -963713716, -166854881, 569646272, -354410749, 567214809, 179404099, -80037271, -471861380, -129168439, -813628412, -910902190, -954744432, -6550936, -387198484, -782496704, -168669920, 162027050, 46582892, -599071564, 937221044, -509429829, 134468636, 307625220, 1048789896, 297108387, 125491999, 723459351, 602534333, -735545963, -345325659, 1766076, 261135792, -69552554, -160035702, -359095641, -27025560, -154724795, -977280485, -234410230, -227607767, -1069734261, -561026823, -669225523, -366652379, 3832543, 178540823, 616753257, 348002386, -193331722, 390921950, 107978598, -456042665, -486284666, -797497233, -631878801, 286054048, 870800118, 209569032, -494774769, 600118417, 686809508, 327372928, -674995190, 509480150, 691698642, 64324844, -565712038, 271757273, -265551571, 877120612, -1021186363, 115285837, 34607612, 130272480, -555640553]
n: 256, i: 2, time delta: 14458, mem delta: 203673672
[-692002328, 1027147234, 916688955, -289598975, 524378157, -948716209, -253826470, 251692686, -902685593, 296148873, -674373786, 998965054, -716752975, -47993005, -111416268, 235158977, -407636430, -400080841, 86258374, -290423727, -852093849, 65894005, -601051925, 536512684, 513269657, -618407032, 368486145, 463099053, -352443539, 169931089, 998040795, 38123142, 341188250, -744141341, -425987395, 498774685, 218681525, -675911190, -395885436, -598849280, -119794904, 720874424, 322299107, 178282629, 733941569, -94054162, 668702408, -347797118, 507954022, 706328771, 347040476, 113046053, 33057127, -1065004812, 919530282, 60458610, -364204052, -962345144, -358801705, -53553704, -677127923, 272667071, 435079183, -764348306, -559288320, -445431978, -926327295, -511423025, 18573293, -81542278, 858809600, -319975538, -516319778, -939012601, -279648566, -359902888, 582195154, -187082245, 699722982, 854468773, 454515441, 438254779, -394985690, -236300774, -919104807, -832364542, -425998260, -699897217, 969970710, -641929118, -554163511, 604111192, -316464207, 97675896, -1015287904, -145274078, 341536223, 208277681, 484063594, 275759403, -7637542, 488338354, 89998706, 993787150, 820211918, -518301847, 22107392, -1016902197, 751279593, 21028526, -517277517, 131548287, -410366571, -20346987, -505677817, 785453764, 302639554, 364143186, 213380855, 757085351, -513937060, -731280183, -772152388, -529563582, 943388892, 912891058, -913426765, 857560310, -102440453, -946781594, 962096732, -887798713, 1065852032, -172487096, -454917761, -949670316, 348250682, 464904914, -262446743, -944935951, -1003323382, 29965627, -635132332, -592756637, -938484200, -594469182, -821338140, -476681033, 643471654, -135266150, 465972174, -92381505, -818471167, -86385550, 848483475, 400627114, 59203603, -85593184, -1058198, -84052417, 287098902, 589143785, -107845572, 511994038, -638857245, 596381935, -318810423, 132626995, 531470953, 589796664, -675938328, -935633952, -93245767, -630491689, 600163307, 269302181, -169541315, -217951815, 622019361, -144604537, 532323849, -757903986, -341807756, 700767386, -594450871, 725690705, -168121805, 969121444, 896692954, 1058071670, -291210773, -424883888, -986264074, -622970192, -737930130, -453436916, 340940295, -404823204, -1036606219, 10105215, 361806748, -879092339, -515905951, 377186218, 880225401, 399028916, -360185443, -12744806, -850108984, -731235860, 43364384, 173034695, 414304110, -975239712, 496026767, 27270157, 586416761, -568146086, -428254337, -524545468, -89826123, 431656552, 608310872, 910172798, 725930846, 925463597, -650124715, 621845980, 145016559, -982919359, -154669657, -1070588147, -620242407, 1067300038, -662926150, 894333797, -748712497, -930658296, 315879823, -817972330, 813124734, -670844208, 988788552, 200056333, -628115878, -95137722, 285893570, 214697195, 370745556, -786492288, 179315036, -490962530, -50767064, 928430763, 684331735, 781258780]
n: 256, i: 3, time delta: 15565, mem delta: -186688984
[389540370, -464915500, -615005354, 796824508, -382923616, -1047189420, 531125380, 71239600, -914162653, -130671146, -165860140, 408747299, 161347903, -919620602, 337250275, 746234091, -562636766, 648315352, 702704379, 807477995, -943923759, 766623090, 685940657, -916915960, 575594654, 473987255, -446531922, 261691334, -420954698, -686171023, -788384630, 203610750, -983476777, 74165274, -37344556, 994178366, 556163870, 137690184, -637821138, -1010603459, 669424126, 1063757234, 604619413, 837557497, 481273677, -1031168285, -731145537, -1058587409, -11747976, 568985209, 263970717, 44982774, -1031044393, 1051740186, 554299136, -563030983, 257446683, -238524939, -843114408, -568518193, -209721884, 446042352, 843948695, -863534087, -663516048, 1007212915, -304673229, -1067837961, 298735725, 835085008, 17642827, -534397049, 128753135, -45866162, -102102047, 254969083, -749968772, 444127953, -996941242, 548130550, 604269381, -437876185, 905980819, -652231741, -796345232, -54504207, 885320275, 412871761, -405898352, -931375060, 539559230, -945822001, -892451018, -405266597, -150608352, 239388896, -335333983, -120126893, 59827417, -788814981, 737528976, -332638813, -725016451, 1019181667, -964336584, 259520413, 841910427, -1020427971, -803764398, 391799813, -55510885, -314191789, -75759028, 625875030, 479356737, -482317596, 978154399, -100224341, -714781618, -326758107, 620842816, 812832081, 125861445, 303691736, -354982096, 503609574, -749475253, -952557688, -74962130, 859043629, 186492967, 826647902, 638710157, -974342030, -793441174, -52426845, -193414368, -346616428, -677807448, -537528365, 416351313, -169779020, 424466916, -282200998, -73050799, 539199097, -279073526, 437289966, -405838999, 534354429, 830665109, -1069314936, -547834513, 308309335, 518784593, -927342592, -586949291, -596363067, -628556742, 293648452, -572622628, -367865226, -155987068, -311001804, 248335206, -605202190, -211204428, 676449822, -561585432, -899032537, -347609621, 1049979089, 168188414, 829694225, 418800707, -436393888, 1061611800, -186289148, 75372882, -851839627, 959584466, -977424999, -860563252, 991306319, -1019902110, 426031667, 740385349, 586763353, -133016790, 475145261, -185087213, -824541848, 356998254, 426309794, 956261458, 782296721, -65490913, 699461336, 914996993, -161534299, -37122602, 561667145, -1019572151, -715461045, -146564388, 1057562448, -94742562, -820931656, -667093914, 205212269, 585747070, 252020749, 471331550, 182647349, -406183273, -609087412, 173183068, 123166681, 841914629, 439485432, -293043149, -591943088, 911042553, -494070967, 870991272, -350545884, 134928885, 232847113, 381437886, 1007950806, -146864397, -11041778, 185917485, 572595439, -513867354, -592429996, 935619441, -92012635, -623094056, -491546698, -700817410, -551404250, -778444558, 1053810249, 494084752, 841086595, -108850790, 352521814, 967151009, 865406012, 482538358, -307042319, -375112204, 558490724, -731232752, -1043605446, 349558351, -496359055, -928500270, 638656048, -1033335739, 109734818, 254759472, 345252653, -149393359, 114437901, 51938276, 40804610, -542834113, 110268484, -709892779, 129683375, -1039546716, -677754461, -281837807, -234982209, 936815342, -1065843911, -137753991, 829509182, -473944459, -196315311, -1007158148, -715852968, -255041551, 56006044, -21284229, 446424208, 696312357, -1042256132, -497419444, 603923865, 575097274, 450581487, -570984869, -16950571, 117458470, -378916970, 692658922, -340523929, -443340853, -553006751, -479106696, -38596361, -850496228, 198391642, -768554688, -76242430, 507994362, 503769866, 829199320, 1017543642, 800134173, 843801356, 144343290, 579877697, -578692179, 359738156, -703431584, -784790882, 466317041, -339839686, 1002188744, 354496730, 973905438, 56570993, 52685591, -468749350, -711599023, -465877633, -656757606, -986191719, -184600935, -574436047, -96523417, -41850144, -154834389, 333027261, 831120866, -779577691, -1014174792, -108207445, -128690596, 869448958, -463154724, -414475424, -923562027, 269545152, 466662573, -644891576, -989813534, 335206072, 75478132, -51899745, 527260330, 885702021, -343410312, -4434211, 145345034, 291483921, -119464203, 1033511356, -741887784, 572549546, 751639340, -235411481, 777147717, 277423809, -486123884, 969131584, 366869852, 309878077, -570244050, 778471630, -599778137, 1014083965, 948366582, -960498110, -300844560, -3385623, -146734987, 162007588, -122835163, -977694925, -162325388, -497981537, -914913963, -136207568, 280305099, -467407131, 1038077655, -291418291, 206138455, -571801792, 178553225, -380158545, 176509961, -903770185, 320336694, -565131285, 700751131, -1000413095, 320616977, -413214113, 669594974, -318151127, 905761630, 563049259, 652401840, -786345051, -779038160, -409610545, 877127305, -221478923, 976353357, -21810077, 493306548, 686546605, -583451859, 387126125, -229826790, -619767233, 49764129, -701856414, -550071111, -802249984, 111686289, 291419324, -1039797836, 810771669, 482997086, 816253876, -678407547, 475786618, 179095654, 94948509, 473324622, -436114066, -1021408987, -678586915, 121965132, 297508223, 1004891512, 741600136, 909680748, 583611117, -395362434, -470777702, 860550392, -938267586, 63867287, -678913583, -623418518, -914628450, -990551410, 335119397, 137484897, 219110384, 204839379, -358172443, -1045195087, -652660363, -1031264799, -297277072, -468238955, 201101079, 907663038, 252300428, -270063616, 929954643, 305753761, -966252698, 735826193, -956643390, 992174765, 720710694, -239765084, 675340866, -764828196, 355067950, 125514500, 645549765, -218497033, -769844240, 104506047, 363475894, -366243135, -885426583, 478605715, -798096637, 904154932, 945933886, 589985668, -455874101, 552680675, -872312207, -588916977, -650096474, 976786814, 267472064, 131094904, -587278709, -6629772, 444247962, -1021804992, 892850274, 306711219, 835013055, -341782605, 625604391, 841002635, -248735373]
n: 512, i: 1, time delta: 99434, mem delta: 349059608
[-597414243, 429428407, 479047600, -116270754, 768468764, 274263867, -281990306, 38240515, -865795951, 963574574, -938890089, -673574181, -932226384, -745100276, -583283576, -195464691, 78137783, -91127911, 47331081, -595617331, 720339900, -495898678, 42087747, -607834034, 1041256735, -469385388, 16973933, 633474917, 76419614, -192183088, 132660911, -255886148, -656258170, 529956488, -967562201, 474180527, -253129593, -1065166623, -195292663, 355975878, 595566497, -184077980, -54407711, 910573264, -442459973, 730054762, 147802868, -441373288, 652964434, 636629860, 650964932, 200989255, 826018766, 411869637, 182067635, 196158806, -77759760, 100574860, 603922623, 407921197, -793591192, 551176305, 373398892, -670550947, -834461820, 331020971, -898004289, 736020087, -638041854, -778330020, -71709082, -824552313, 774887686, 856235163, 142119157, -719412176, 925309991, 296327451, -983756725, -957635483, -530718813, -89567876, 349500947, -758903103, -285726541, 211824942, 795956326, 156664964, -159375622, -888102402, 766216846, 179388715, 1012364311, -279598785, 1043624934, -26207061, 314995289, 492317078, -1066114339, -107595959, -1073216366, -464724127, 394824217, -398440167, -1022023420, 632405444, 384996791, 485633809, 610754936, 358601298, -377923919, -225316920, 462475886, 91191637, -930774439, -87289391, 478274415, 41897147, -323770366, -62866002, 1002394238, -582297699, 931438270, 538363251, 1019792557, 1006942316, -64500415, -318157831, 815742411, 423132090, -831599132, 945186235, -992270021, 28514723, -919596858, 784379216, 825654752, -877289514, 14040589, 1052468613, 250771252, -299617725, -441173430, -126328042, 37305720, -551801757, -938356998, 982030345, -89909498, 822005023, 870521129, 95664808, -527819582, -936741026, -337838030, -29810151, -842497105, -386715346, -985983327, 326341275, 695512477, 1032563598, -483432647, -92581025, 796480256, -249905963, -793063407, 276662273, 312686557, -993142845, -105599527, -474650719, 238484957, -336090845, 707967290, -706507869, 586204548, 634562073, 711858267, 711536639, -211324805, 15856910, 181454465, -126820539, -1067944183, 174570292, -936995890, 476816433, -75603296, 533625016, 85925674, -750683418, 241377172, 945012100, 411192383, -293250101, -482314265, 809312430, 751753118, -815212033, 60041535, -255523712, -158151937, -340725894, -676190215, -633646812, -859327579, 606941377, 192332118, 279900140, -436691744, 416039493, -144478509, 245854524, -65670996, -688125607, 1040993431, 306374421, 935034999, -1053707570, 954811654, 637705790, -59828224, 568150318, 746398579, 139591696, -31318949, 441332881, 863363058, -839022881, 187095313, 449420830, -32729526, 419712768, 217202020, -102149854, 329300489, 353201788, 797764528, -35040314, 393296306, -571286192, 664968428, -59502224, -678468846, 770070621, 399309392, -664760135, -908952911, -464434958, -953733359, -296497402, -1026549661, 56056564, 1065981000, 15596485, 231504638, -797701208, 220264688, -725750458, -749263578, -408544483, -376756210, -817837773, 435893571, -459249095, 173698795, 274299566, -567276908, 287731550, -402913923, -628412410, 867035485, -609023048, -224830748, -981747179, -611094468, 812329765, -993368048, 863389496, -343682918, 751450306, 804211327, -76246036, -818750404, 990712335, 367626532, 222055169, 248715769, -440352066, 64062819, 1040183166, 581645190, 145027869, 659208761, 491670034, -237293971, -689532132, 73501561, -107940814, 892273181, 372632573, 646416177, 545929939, -706527974, -888937831, -932242645, -859032890, -728134827, 786748489, 576053391, -257525589, 293998486, -78374793, -52641882, 522565267, -918838763, -679882559, -100708935, -468211402, -930339287, -674934330, -365959400, -164102451, 382945560, 751373969, -952883402, -699004530, -338355187, 409571488, 557154546, -1056383038, 306125607, -339761520, -558638864, 772219780, -386837587, -576285850, 432284710, 571558936, -325158048, 342993020, 979577971, 36760293, -466818327, -380546042, 113556841, 645727760, -642806414, 136728128, -108422357, 523977399, 250410833, 864169782, -20265614, -759744313, 6026718, 620713775, 571386026, 539290235, 660605541, -896617545, -660275399, -101123727, -242916809, 947424072, -273660705, 401658730, -308085285, 238426516, 1064287800, -131157858, -230499998, 748447346, -1001703841, -487531078, -577042472, -357736094, 164738221, 455699320, -69217322, 308997054, 913214623, 657653208, -1008330955, -1059579008, -869512747, -776923904, -317842467, 512729258, -913106377, -822752851, -815630405, 630904662, -307726286, 346855253, 81491409, -735858598, 225441568, -542544421, 267304551, 315898519, 1009333190, -264968978, -518254497, -203868449, 939854582, -73266433, -433914458, 153731200, 323770453, 403171805, -551895865, -728976271, -938172617, 473987822, 1055146393, -92987112, 650321830, 208692492, -427823335, 215591094, -605750910, 636911097, 282285138, 557801584, -529850430, 39299457, -746551688, -873507333, 709033432, -550809557, -256390635, 710313442, 112251187, 47597467, -427467429, -360534921, -237053730, 245737095, 891835799, -903152812, 132422982, 205037140, -727932473, 458907021, 1027322393, 364909644, 147940418, 4297844, -750029751, -401845122, -853150315, 898766599, 126576175, 1045223475, -170196369, -408470022, 416541645, -412370424, 105535154, -648944035, 552552748, 732828077, -468777047, 66278635, 477684964, -933490376, 586207065, 710329326, 649523386, -364421593, 914393840, -16407087, 41597539, 749977585, 167833178, 172574276, -27916697, -133308857, 748003059, -1001581562, 364377889, -996316948, 266602327, 528448850, -1433117, -727997650, -445360556, -754718488, 160338998, 476900608, 542522113, 191296950, -548820162, 785089461, -470544408, 24038179, 483311420, -551857061, -407353506, -25959431, -390806226, 562190770, 877923060, 1070292461, -882366319, -731996217, -801955834, -703432757, -798933177, 552249138]
n: 512, i: 2, time delta: 91821, mem delta: -265824816
[-602389648, 842762306, -392504941, -353205784, 1986145, 599217994, 574263360, 1023910846, 126719559, 899310637, 194286305, 1028063355, -465954326, -489930183, -783361996, 908374424, -141152875, 331863553, 746828448, 812252566, 829323374, 1037425994, -58594594, 189151996, 92222695, -795358311, 675848884, 312518892, 786417229, 298820951, 943677915, 710997857, 700503422, 288498590, 487509762, -121251576, 38422200, -514127198, 184858347, 1035770039, -844531060, 743455935, 842408884, 119688334, 632646641, 536785946, -860068304, 965140649, -820683404, -228250377, -501869708, -736898177, 514844557, 676522647, 1057167470, -935584294, 7559693, 828219596, -1002232402, 678977651, 73761460, -828888037, -24128183, 69865769, 376965856, -532389237, 589302994, 192020958, -620773793, -741021936, -602391159, 267533038, -536859291, 1001949583, -677165936, -994524339, -941474919, 70737294, 1026149720, 395350076, -742175158, -322809478, -94750693, -766544216, 594799551, 102281363, -611244414, 252418079, -224936533, 406034808, -254611354, 873489775, -230291265, -845278389, 336093875, 596832477, 875088730, -312407168, 984959593, -383325697, -662055588, -879417785, -217748036, -948880073, 790645528, -140448876, 569685340, 153809100, 669394279, -993494329, -794728497, 148273574, -320577319, 379358973, 363034873, 70476198, 954052103, -911655438, 313659326, -14698080, -601189116, 371293073, -15694914, -892047114, -703128078, 80415771, 374224191, 165760210, 482422960, -423678225, -856112855, -392242945, 418905521, 156167163, -803851478, -526889883, -368057880, -182547008, -1061881863, -111871201, 874731487, -252022277, -457608776, 159944763, 955295719, 245365493, 1030566003, -760551155, -913495702, -195556503, -783159098, 971770928, 815925084, 644683533, -243621222, -1039772134, 250845648, 903705023, 894360079, -516385445, -38566233, 650848077, 776023158, -682397582, 749665123, 1001735649, -305718411, 887164748, 418214426, -954522361, 585715790, -475815334, -269905019, 174642013, -198375111, -107544243, -78321608, 529822934, -226247955, 334183281, 443558636, -45679702, -662960066, 45192099, -611504648, -395885090, -968928800, -439156239, -814979617, -670742165, 957956169, -268503860, -134788350, -90990322, 142264757, 506637292, -713431946, 532163499, -926919101, 367339201, 470871536, -983437217, -442842051, -429309807, 598158045, 266295585, -990564747, 861353010, -21784434, -66410989, 61699786, -949460634, -267169391, -85763221, 898873034, 616811982, -906685413, -1011291144, 436525169, -555254899, 1006206369, 335626836, -399066864, 583159674, 344599941, 582382245, 772823113, -455876351, 572203245, 54624015, -665930442, -823972457, -810763856, -567494470, 987700138, -458044969, -107347350, 985065339, 383894415, -660026818, 732291503, -729218527, -321665938, -263570049, 812846684, -823991969, -888307954, -531778940, 943568649, 925890385, -483213517, 109437955, 367718042, 314291628, 243529608, -325237832, 225513461, -825365369, 357833111, -215171260, 643656398, -361624640, 928820212, -859588446, 334408605, 842060044, 157409402, 161270850, -956264271, 783453343, 313691309, 379231940, 335322719, 137938548, -22280641, -832467886, -1051941806, 348171834, 698877358, 496415642, 75957766, 302800859, 96129290, -384141721, 853137488, -563632471, -460713772, 1042033115, 725157397, -748844761, 1013502210, 298209355, 262458907, 392071026, 1038831648, 748574391, -106886148, 992745035, 74276496, 438857700, -1043669450, -597917503, 967847922, 529516312, 847338336, 806550143, 249602206, 899474546, -487643016, 314199216, -98234034, 650624227, -980557225, -674420854, -10347815, 928024525, 10054725, 371049086, 391609370, -761129930, -151497303, -633400069, 900383727, 678557609, -704665383, 877433305, -888448675, -255946583, -750021360, 1022488425, -59530287, -711952685, -489978499, -706533866, 365245826, 467964559, 523720568, -997363785, -256247310, -1006782862, -947093041, -313740939, 931302034, 674247732, -435347649, 243096148, -326505595, -442005687, -710414850, 871981151, 819532413, 340643613, 13596277, -846223756, 479771074, -612470031, -910710004, -529550167, -11132591, 472443213, -355175651, -1057469094, 672628769, 605961505, 879276810, -696907567, -367589504, -787248516, -132349078, 499630480, -163087716, 906841320, 654993758, -583976131, -105677794, 923466080, 77496834, 931204651, 628675569, 981990894, -836783361, 632652161, 548605729, -698425115, -85323202, 1025285641, 859634654, -412296776, 1029887671, -551132265, 669426591, -190849674, 463553639, -597382381, 632653155, -729892637, -842193568, 1008918310, 606007826, 1062892084, 1047167482, 238572925, 973638915, 433179750, 257124903, 668644029, 282661527, 516122171, -669269531, 853697283, 874751746, 181964498, -181919028, -137768682, 630853418, 639273442, -385874745, -28269012, -401189465, -81420909, 208961503, 699858006, 433225195, 724100088, 288889139, 10030472, -177404037, 664238637, 983117060, 875727177, -851238053, -169916662, -396908563, -673621261, -250241656, 541275009, 824697136, 443697832, 821795999, 884625050, -662730710, -853638447, -495552101, -451741945, -85543191, -754473900, -684977732, -231685018, 609639380, -962546862, 75568258, -793933292, 1045318792, 596428441, 1042477016, 722562472, -362777660, 373359533, 732503118, -354702573, 252947578, -637136530, 1022339967, -581615534, -413664250, 1003866982, 97065618, -851420467, -378602118, -950755407, -297563429, -225771440, -330928104, 930259337, 555590305, -354873949, 921696985, 213318254, 273250299, -928955193, -197109974, 7930862, -1012922413, -1000684336, 97596598, 821359638, 239983372, -814488230, 12863582, 585016949, 472488896, -517926999, -388294586, 141798345, -886080350, 958517089, -488753399, -457807287, 988312707, -972819234, -955793396, -972113778, -911052816, 382747441, -632289552, 715717919, 114211576, 420070328, 926452769, 154369176, -101841654, -350193319]
n: 512, i: 3, time delta: 88787, mem delta: -75821168
[-81762165, 447357045, 298156285, 713674075, -579960211, -262430592, -1053899990, 1060941792, 353434950, 953653461, 1032593332, 972359171, 471234283, 497268367, -1010472216, 520200074, -409156678, -351353583, 390929855, -31879608, -853935127, 903546355, 240910464, 208230674, -1069560840, -194650746, 672243074, 1045832795, 461773381, 822705670, -158736880, -100890001, 938030014, 307616603, 878465893, 600997192, -4664912, -704065140, -394277418, 800009233, 530082494, -234747967, 89457679, -680425932, -853122834, -244467214, -641389451, 623744546, -884556066, 883569458, -636646741, 47353247, 837244436, -1029807470, 1059001136, -666960442, -849465230, 787780787, 126445350, -531213151, -44013880, 949156844, 769296942, -176006563, -601977212, -144944876, 441504878, 800917549, -59436924, -362973460, 1053999796, -848645442, 91347724, 884058668, -59218252, 580002386, 919994579, 1043687464, -609461907, 117428860, 80803640, -298265057, 925249962, 624636790, -635681390, -328920288, -723607387, -846698718, 33134501, -476807526, -558008634, -820079716, 612517168, -99312258, -112987511, -706574984, 911638691, 726198291, 351918973, 1039596445, 707493613, -359634346, -435549336, 200251069, -233108876, 54837515, -865917048, 772343408, -586411234, 1011326308, -402953228, 1617388, 959638924, -545482419, 480414497, -1030776221, -794750105, -782252462, 221954945, -930069255, 860313298, -683278034, -10326714, 659831393, -943023361, 576369649, -257334715, -107585005, -247839779, 448745676, 964805109, -33013973, 876130031, 199978876, -699288682, 463742177, 362358584, 372315985, 75753582, -409732959, -335813037, 800546778, -498155474, 503561159, 1017631903, -638176721, -1069149836, -349128967, -85271913, 979408091, 164214890, 804897056, 331658559, -1038644124, 220409227, 46316547, 447569850, -271173000, -674855290, 709165186, -418954247, 828933557, 718234427, 763892845, 90080398, 562574356, 1033398498, -967203841, 119132574, 9503219, -665580213, 399595770, 64379637, 683335615, -386427840, -933443232, -932212428, 34742331, 901071110, 672749515, -909342683, 702021999, -3088894, -58359958, 1567791, 821205551, -806757255, 393258392, -417030939, -1002842554, 738750064, -131585254, -913301832, -933246144, 200219826, 617748213, -824887859, -460501039, 260602608, -229550870, 202644457, 523263973, 367049730, -258662000, 821748617, 914913093, 185927756, 1064623628, 621787663, 852864227, -853632964, 517154158, 650631958, 760346818, 947762415, 123116971, -797890842, -773280124, -559357709, 87334451, -199135741, -929638767, 317098791, 737240623, -557997088, -820006942, -621032001, -499434407, -337884495, 518734951, 100719460, 197227127, 65636958, 303667739, 349428856, -373430667, -794262381, -860640606, -13820297, -780715234, 152344564, 1007414171, -94136455, -739532169, -572627858, 829608328, 564060116, -558386248, -294944087, -352299177, -492575778, 298477287, -126025575, -470141811, -390352945, 254734355, 294638900, -286323698, -192423995, -741944277, -506749634, -124158581, -770826782, 349843833, 939987776, 10658696, -570615664, 747230654, 573494423, 453650441, 440777445, 101604330, -330160728, 988985816, 79806753, -873911432, -1008564431, 410274934, 786244436, -513813660, -277999941, 998386844, 859361309, 325573322, -630614996, -997616788, 807342477, -885997283, 396289656, -389152199, -7987671, 526092288, 1017403768, 659771631, 1029928974, 474661060, -796516653, -403048159, -883237841, -848578689, -996213736, 401655725, -948067397, 8975813, 262475758, -848838898, 1056676250, -893389050, -649562014, -752708546, -881564139, -533231484, -208876448, 130404422, 170447509, -908988690, -77366723, 991969379, 566052739, 510495646, -350470799, -303890729, 28509775, 695753580, 136445282, -1059783095, -61619828, -632927955, 760055643, 875799001, -526166727, 341831116, -520309349, -46101563, -1071283941, -662767614, -114051702, -543855439, 134326085, -238611019, 695680775, 1012481430, 476885178, 111007979, 149532380, 259976778, 274815529, -437144983, -794683821, 694956711, 481381078, 677886956, -648842782, 845658203, -595757158, 443132931, 625694977, -275206324, -263556095, 873000327, -474834659, -472502619, 474837905, 331445432, -1058058843, -140271486, -1000809174, 687246326, 623847233, -736100812, -736398711, -64130535, 647607330, -150976719, -749523482, -919780243, -745170060, 780811419, 54859710, -1487283, 134798832, -1031074965, 928872107, 202537050, -441758321, -82432198, -227550354, 570306905, 1015254617, -904693844, 449096463, -438515033, 546968155, -169362823, 18475291, -845225383, 301114039, -932029415, 337060877, 369693940, 722741206, -959284980, -24083001, -638660411, -1041268040, 243866051, -780981697, 453035231, 972122475, -398820562, 846528055, 1000932783, -107456358, -567863837, 818186276, 683057469, -1054421955, -451564056, 890838320, 968621313, 203100526, 208819485, 13247579, 329185120, 790176604, -495261111, 404498876, 663709378, 352855384, 437272255, -388193306, 151531600, 392965133, 701213868, 600927590, -381104049, 10364876, 434866176, -611380120, 695782932, -712056315, 488993783, 370754169, -603703901, 626991059, 504645443, 40017511, 693620968, 375790510, 677890264, -613045692, 630553233, -748640188, -187224237, 1055276938, -3898234, -476680607, -574886648, 725838680, -318256122, -85469174, -959909210, 800820442, -484264609, 974019242, -47500663, -1004488760, 246409546, -855510428, 555929245, 504986885, -562016800, -393101177, 728824553, 1034574695, 71718205, -34939105, 644693695, -762955114, 714693552, -366503000, 349527679, 14184973, -216109156, 439511774, 34985987, 228654654, 685735150, 728434608, 628980650, -127687214, 539981370, 749817682, -768783356, -1007357682, -427182731, 685804658, -516002281, -289671855, -347836855, -998308990, 86676556, -1041361222, -380523495, 395358772, 966782457, -684064282, -397937263, 1060721668, 674252172, 120143830, 925061096, -800530961, 156997456, -330045968, 927005621, 353289025, -722400545, -159906788, 228844907, 17003916, 424007973, 482251535, -650812557, -1055084108, -722450164, -367934300, 370506724, 924339240, -1020425015, 897890406, -238580766, -1043182037, 712763843, -779438550, 230410896, 670455376, -337693413, 255602905, 721666483, 304696836, -27504932, 961147724, -628656668, 893888069, 639165889, -1063061168, -898459535, -442143375, -203985507, -111700279, -680739630, 75542585, -589573525, -116609294, -198890557, -567560268, 457445874, -881074750, -882209278, 553375376, -467106283, 690591082, 437274791, -471689373, 638208437, 784880123, -102300389, 48381471, -1009597885, 147858725, 732659382, 1013690020, 495843301, -926680037, 178671609, -62723472, -122026428, -728620654, -1016522395, -135760014, 824217584, -493642265, 725679094, -119987716, -984367503, -838453408, -851705537, -950359082, 901183723, 848753802, -1013011677, 740498030, -82568340, 500114114, -218069715, -787384786, 750819542, -652999984, -493211251, 1015672038, -354250396, 780754350, 20777904, 485779816, 370968538, -794205338, 664017530, 830198323, -479789235, -202877415, -263214045, 1000161607, -204870772, 291545884, -514288213, -445012201, -795050454, -781439940, -876761093, -665752931, 1016101417, -950426846, -497169254, -63391609, 817289285, -130484014, -755368952, -150187121, 92153306, -1004010675, 637509563, -535177240, 654813298, 465083223, -459841101, 887849940, -390664209, 1008440403, -771896388, 290895699, -30400175, -925888438, 242997312, -93487883, 582214693, -288566774, -484346170, 476483025, -410223477, -74363029, -79061493, 739533454, 95304674, 208037293, -342940229, -600112226, 912658962, -1015893507, -422362676, 119368331, 1033087349, -12275690, 887757176, -1072273815, 974722915, -566959868, -921725995, -48360085, -310326440, 1000627204, -670165998, 601630098, 855312068, 767576968, 10649424, 175648384, -228669584, -717686697, -272333286, -455305621, 711896712, -849140528, -206582909, 817206317, 216075849, -593192370, -210099237, 1010630776, 926083143, -822547801, -548616947, -285423578, -541047205, -320239665, 43639448, 188543406, -342296535, -794528870, -477769944, -940619853, 229597002, -619779681, -120431152, 750377654, -739273702, 669353272, -1014178585, 493005804, -718811873, 676431269, 120235132, 175239979, 135238420, -822939056, -817507721, -410676739, -825627758, 693731627, -982815155, 598173143, -476625830, 358760757, -49951137, 237063012, -307328703, -888263908, 989968624, -437992198, -50237768, -851060227, -537240895, -272017874, 262576887, -138359225, 1042271563, 801359491, -328927290, -905265987, -515012968, -337011395, -838461720, -578319462, 998354111, 280447060, -548785372, 108969934, -272898310, 298090628, -701040655, 952188007, 14280293, -671507327, -677193283, 730355211, 988905558, -409885368, -604935974, -874816351, -7613357, -941613679, -929978106, -113713904, 94541748, 302943841, 899028885, -678232801, 754467030, -906687813, 206481981, -1073581188, 586509305, -34472842, -439897986, 889830872, 692155319, -883381206, -350936660, 670717743, -781068510, 164828740, 1006666138, 623366181, 755738488, -133513415, 464004581, -131019892, -682895483, 271931607, -796834342, -18611965, -362879338, -555930953, -895820027, -397965384, 159252757, 378163151, -292153257, 539675469, 208621766, 519109412, -836145678, -1030771496, -1060579683, -820374116, 47091605, -482512379, -709834695, 448702193, 957315999, 1025000535, 759958273, 149134274, -647626559, -595451253, 54200026, -875914556, -9867195, -197769699, -82924926, 430291733, -474420491, -891412764, 404953996, 893849009, -716352855, -651221288, -815059976, -1016984579, -633042319, -288165900, 51335022, 453254529, -681029797, 869199414, -789288425, 264930995, -481455135, -357064764, 871002905, 221197038, -359798798, 97703209, 688424109, 422243202, -320137317, -528024644, 792433630, 142781925, 264620626, 858876961, 1072081375, 964621062, 601001183, 937156329, -129558263, -576267838, 788877288, -899069611, -641939599, 495339120, -555612905, -791378888, -893499101, -911922793, 325166313, 606027514, 885138429, -1027129409, -100301034, -424288072, 274872105, 611236964, 2594713, -780854903, -703340488, -191794681, -239824293, 122160604, -962652200, -912840352, -421130368, -190716419, -727162830, -315557458, 451201613, -905671754, 600112866, -494627794, -619172685, 661962770, 659463316, -710699862, 300861821, -598736067, 992150583, 7735592, -390328557, -7657337, -1001497631, -146767165, -310240023, 102199431, 585748799, -2023016, -272415353, 270787420, 1054757815, 266612183, -379230411, -62206705, 911906332, -37228551, 384427330, -40411628, 4534797, -632251888, 392145905, 751669743, -93886741, 986199098, -853456639, -828465676, -1072001420, 26451503, 860340952, 697715239, -360054527, 516216826, 693860427, 598849089, -121846952, -547101755, -103353588, -153735980, 120977455, 724218572, -987482447, -588855674, -1028608194, 310751092, -662981027, -1037975687, -420787201, 150050420, -283854067, -86343477, -1019191803, 728265009, -150363007, -290226119, -963746570, 43688744, -959508796, 793458654, 810392103, -498197371, -87849382, -318662630, 625637842, 562881488, -53603066, 506426765, -722639370, 57493703, -186871499, 33527107, -605856564, -783207866, 217528842, -1070524182, 89313, -90236573, 892193287, -192598722, -688148267, -632396906, -612709803, 731249797, -677118802, 692710933, 880578736, 225642294, 661948121, 952548415, 540013041, -1061215051, 836556479, -161883346, -129019079, -246510023, -72654080, -872960913, 87647159, -746097201, -860772017, -784864818, 887974167, 405654391, -939808278, 341627978, -899700600, -353701268, 222912692, 768679975, 147265127, 183257218, -326601232, 926371875, 523114125, 343900583, -814350180, -790736448, -148719822, 314702219, 32756840, -1063629632, 981430396, 292044124, -996510382, 415086511, -963898712, 846540714, 642280159]
n: 1024, i: 1, time delta: 678702, mem delta: 290441752
[610132890, -20501293, -829667222, -360624905, -934326051, 438490726, 243307286, 653952094, -914800870, 923034908, 704261361, -1067886389, 912591430, 59062706, -609868439, 1015383719, -94042403, 686517546, -75447659, 296564323, 628600630, -441202501, 25709533, 936038262, -397995023, -579661224, 782671032, -188038926, -328097396, -806660133, -654188144, 16185794, 97021205, 429032142, -129433405, -206607742, 41966074, -99475754, -870952509, 458394363, -644445444, 228383933, -766811043, -1003586247, -318918590, -1024132070, 527612439, 151193675, 129033354, -1035508321, -337611854, -173652841, -6165638, -80617473, -744942386, -446598185, 868467476, 1057450362, 622174125, 272178868, -732980664, -431202298, -705795313, -601148931, 99704484, -837500388, -127257539, -887130748, -655740121, 772370972, 671420194, -948808043, 109724211, 519964253, -447023469, 1028104212, -825721696, 181358549, 899407536, 902978098, 878049261, -648322718, 48974690, 1025027020, 410238353, 510034355, -940864252, -435275936, 741145968, -171109931, -648747746, 164433324, 931444073, -317124002, -553978548, -455282715, -272302068, -334327504, -31000003, -763741295, -443589527, 63760874, 936604887, -313951743, -726638333, -240688399, 775816056, 1014639983, -1070699548, 810963222, -393327272, -206891600, -474873398, 619875301, -987954678, 747357845, 291483263, 1004510345, -1051455711, -556070428, -207202234, 364228959, -112112145, -878762258, -763225999, -706543595, 193399657, -487798323, 308464400, 604561534, 833219622, 165864508, 560375748, -791442954, -831402362, 877494803, -653503055, 735051117, 388721903, -1069077667, -66777967, -130922991, -218979789, -506458601, 411464934, -482944356, 1003049486, 38521224, 948246855, 577538359, -172156981, 264918328, -574924068, 929101834, -972161787, 932060558, -730989851, 796943457, -773154165, 235474953, 614361972, -887494020, 234497373, 774631707, -554944197, -402374669, -340588077, -704711267, 736755840, 133393092, -142289187, 78658035, -281051347, 651075323, 88496997, -432779074, 985232899, -220328708, 457504721, 199148343, -914281745, -501544336, 769672612, 731643182, -868188555, 703176650, -168995004, 374587040, 152348233, 128525429, 625930710, 957533422, -50282756, 427439004, -479968443, 361512384, -516782381, 838001557, -599411102, -252816011, 1073656756, 333367787, 442476326, -510880955, -1054902726, 53933574, 200595730, -65002250, -778642456, 114732153, 831435191, 435788856, -356523399, -306950936, -713074350, -166568035, 280243797, 254962836, -277216369, 890892599, -816220640, -552349819, -200818066, 335725776, -565652115, 593332819, -1033673405, 181665728, -814524272, 664614544, -903019049, -1035920273, -569756783, -96615467, 1032717740, -144831640, -941214147, 208932712, -168796834, 961940501, -225366186, 880086151, -579321819, 318052125, 659362026, 1052370771, 471676279, -390638505, 304072641, 582167644, 481290955, -242239895, 472373232, -267215163, -965992585, -1001490943, 409792650, -865859820, 252325050, -417216849, -987707274, -274209639, -38155306, 95862622, 83342940, 380078967, -920134570, -358215570, 705009081, 560519508, 1003162734, -910704273, 612543251, 471878297, -833657473, -473771909, 623204678, 1004722790, -432611655, 505490736, -143091204, -356141290, 382023643, -193058488, -907785413, 129004905, 1043299862, 332208344, 1041990680, -175698860, -51659505, 706182178, 1047937673, -568622238, 251887108, 1009626390, -293673896, 338419141, -7088378, -306533780, -338625228, -617649155, -414192540, 560675415, -143770654, -327201244, -871963096, 258096870, -670617456, 572035283, -822314053, -1011370500, 377546314, 343076533, -361539677, -623018262, -195206778, 827187366, 909817197, -165896282, 784086489, 629556871, 864336806, -795909205, 562660556, 379687585, -941542397, 413683308, -129706038, -698351181, -435133536, -652510347, 699295536, -638187110, -610540187, 629122593, 281051271, 2476187, -941651835, 483767026, -255599154, 804511568, -91597536, -772197232, -416751633, 968867629, 884996361, 225052257, 557629012, -188868689, -1023082847, 612808385, 888200595, -338383840, -618377246, 701569758, 601595717, 289504265, -161306760, -741210573, 830282996, -320092108, 633123337, 306626463, 1053253682, -1000595876, 498516374, 185757217, -334444090, -708758157, -175041287, 597120819, -921667070, -742783856, -123611762, -885036864, 997174320, -763748748, -666497810, 112797890, -185067733, -421266505, -747834153, 275104892, -107576055, 1040547220, -766172377, -347694767, -865471498, -1046637747, -272026617, 637808960, -854937060, -778662852, 622965797, 17714429, 406455998, 961495160, -575918823, 754202029, 274864740, 583391776, 754144745, 915288125, 198635569, 467249479, -136148568, -1056666530, -71015856, 260443260, 184469049, -942773983, 876753805, -858843148, 840013105, -334894804, 189163520, 263800151, -876191526, -1028575081, -767609117, 548410916, 67163988, 667625062, 941688709, 819212993, 440081879, -747859038, -188085416, -194498525, 2405907, 399366678, -102488284, -1063533034, -735635528, -310174557, -637076130, 703062057, 159588370, -542616767, 669453203, -525692102, -58025525, 993027218, -772018945, 291021210, 657145556, 169738020, 978777147, -452274212, 347387487, 652119108, 394554898, -653775809, 563687684, -655673735, 358940532, -53335371, -721394429, -807821916, -787369853, -456665201, -394343255, 214266546, -130787637, 877384392, 306129099, -854207237, 736571535, -400742933, 898263407, -1061885126, -599153858, -455162207, -721797493, -964832727, -911921403, -851413029, -85675291, -745760071, 157075838, 528241560, -1009560807, 652063211, 17953157, -712579245, -365002055, 233155662, -594678229, 184839437, 40747406, -165671147, -1070413116, -160150798, -1016610051, 983781588, -1054948837, 279749547, 174676357, -852366377, 786819782, -1051565761, 529029221, -1012663265, 468784788, 85378214, -870863525, -897416454, 105772834, 566895596, 406066310, 333777470, -232015475, -983293697, 280291437, -139198174, -360682687, -224640235, -139284456, 66964664, -561604112, -63800132, 671952220, 783427083, -251150177, -835336065, 301255989, -310968367, -136367142, -217078222, -543720373, 1040436685, -538288376, 461234907, -70319721, 757311428, 517358809, -107956931, 422519071, -775134695, 369579227, 635033858, 271837405, -599763449, 1062717484, 64615044, 330607038, 9581435, -155592886, 302261560, 289816262, -608315764, -301057273, 788817591, 402613328, -931218792, 534022808, 938719338, 893124979, -188988164, -387831604, -630320686, -1062705791, -881999505, 572887641, -726637198, 355179433, -858027524, -456720559, -106837415, -78113092, 767587482, -371955275, 630289488, 1039931148, 1017528425, 976628512, 723764380, 777997425, 629759115, -49642588, -788308624, 298931813, 972817053, -321291342, -49298958, 495248463, 88489681, 880259890, 126987496, 980244445, 8105, 973459379, 420866047, 1024519050, -553851054, 308501436, 43126200, 589266751, -374228837, -859371199, -704430097, 440290582, -1037051504, -501520079, -194151159, -889526215, 334644663, -312587732, -442311238, -597948439, 281012710, -760082350, 556049777, 1043120283, -815823937, -46958537, 40152928, 570879292, -194003254, -853846285, 743203371, 661367445, 839239981, -816117419, 550958124, 570746570, 543046154, -690265033, 878668385, 815343357, 881836917, -252635156, 1033853939, -9779952, 1064094225, -409560874, 300033124, -741472377, 909679686, 1001045781, -381628844, 752194955, 975610656, 821325658, 58040559, -869603062, 107316935, 404668121, 798677494, 178290940, -597827433, -177855395, 915848809, 132494785, 711701724, 610691189, -374354994, 538980774, -732721621, 729949900, -144280543, -752013433, 27767903, 114807446, -320967080, -401817202, 182425903, -792375257, -528988782, -308575719, 699085929, 196760990, -480481061, 610480314, -307385907, -139795266, 641981854, -636428968, 400962184, -940159011, -430016856, 237462386, -230431668, -903062540, 276222421, -84994172, -976187384, -639553065, 855297625, -108025726, -634875319, -354815872, -570192467, -221292671, 137957165, 73847428, 125030675, 792905589, 370914303, -740493145, 795502024, -873806059, 972994676, -940504181, -550049338, -948857125, 268007809, 206898819, 626643763, 378490151, -971397161, -946954875, -528661399, -1011541373, 544908284, -912207810, 677566115, 18436097, -730316281, 939154496, -551869120, -122017343, 128438008, -750526377, -920747081, -502562929, -388640334, -918314247, -592779240, 283352489, -462118506, -986051109, -691948485, -956455010, 575638716, -218558304, -421484665, 220989265, -510138416, 363445420, 750510945, -650409443, -31653497, -975795177, 561220654, 699395603, 458593213, 268821950, -828493561, -888356514, 124841005, -451440525, 698991609, -278293048, 596616908, -925833388, 875007221, 113158741, 975664066, 212779321, -701226662, 80170253, -15531258, -498000569, 636684829, 44652247, 226938772, 281265825, 514220691, -85638271, 11871310, -743947969, 1038440923, -343373860, 536302701, 234385878, 846799083, -447485948, 74957218, -1059155209, 85356341, -928927810, -734533171, 286665012, -131962891, -25964806, 1049056856, -745355140, -1013691878, -749732745, -600578254, -807101304, -781060914, -225435514, 394892132, -383793554, -453252444, -173053466, 759126353, 604684627, 452861278, 671125198, -380585842, -735502274, -679121833, -1036002294, 756985692, -738519289, -384933997, -88353731, -592915010, -593534866, 29378913, 947470661, 249483323, -720620728, 84973739, -438060613, 714339378, 443357395, -706951718, -798376807, -769484843, 352228907, 591783016, -34364169, 417998788, 1008581334, 671056643, 295098350, 657112134, 5293689, 821306459, -363155811, 871532582, -1007732818, 1069300361, -411386294, 494738216, -438127123, -133615845, 1030373536, 69866022, -1025546074, 594846144, -132743658, -89100596, 126446961, 633120653, 497171569, -787648276, 442908509, -688360215, -147696800, -494834817, 441712997, 106789915, 730048837, -413487303, -760365567, 895724142, -888866285, 418792648, 811781592, 18353663, -348984750, -757083992, 473479058, 819449379, -719648705, 452303525, 22149836, 186777719, 961707281, 160125679, 554260517, 424510597, -730378153, 290836179, -984070027, -363286513, -157335683, 655595292, -629639906, 375076348, 470109038, 1040826885, -631561350, 872370652, 502742611, 237646553, 906929524, 1047388698, -1030321287, -223348439, 827916594, -51791171, -460059824, 231745962, -321904144, 680598234, -3918449, -479647063, 229311464, 755027610, -731800715, 117444139, 227306861, -58513436, 455967787, -1065667675, -289478888, -659712089, 75148614, 8588116, -605895399, -546156091, 699158888, -320506566, 269104047, -413661793, 737392390, 476435895, -892577614, 710956345, -835147452, -408184384, -1038631859, 650532106, -952279813, -64846658, 43862730, 432602723, -766221347, 289128965, -89103994, 935992953, -393777232, -835431441, 260929795, 482929681, 737658806, -571139435, -650109412, 21499335, 263025198, 23743529, 117050451, 346127098, -317180942, -1032595213, -4695226, 189219159, 240494657, -269626138, 649122113, 873912577, 587322007, 904372446, 122719469, -866823846, 151760057, 1032990073, 716593189, -1060814735, -639806771, 173625743, 61216233, 271318792, 373264293, 581029455, -753410709, 1059740480, -891639012, 308624119, -170101689, 790989795, -801997671, -302075345, -730203696, 213896782, 832168881, 395229955, -998328954, -760432391, -419829527, 789219196, 859118243, 438561957, -544544616, 66208473, -1006423340, -76190176, -605926933, 829147503, -772750843, -638741832, -501390333, -709180390, 384996693, -353695430, 261772089, -1033584289, -909209815, 258484645, -222715775, -94403040, 735257180, -236890768, 816823532, 420573178, -212463980, -216739211, -308579513, 189752127, -501657680, -80401799, -536440351, 813784715, -596487587, 560839000, 919088746, 357461509]
n: 1024, i: 2, time delta: 780427, mem delta: -157307144
[-427909176, -240536622, 219416055, -331196364, -1057861010, -83324692, -1032283357, 392887931, 574604815, -588292092, 465949775, -40826061, -132311872, 64304501, -395314167, 1041180515, 669192992, -1033799710, -635492982, 822383134, 722116002, -371886045, 1071191897, 173249402, -616027894, -89694774, 598998542, 304735528, 210937843, 709562961, -77444815, 358140597, 702674828, -972655391, -850643903, 740569948, 885138787, -822558527, 460430800, -217325691, 52166745, -170807207, 320270027, 470229982, 786990774, -206338334, -831917096, -547650539, -536091819, 33802925, -940070184, 725614383, 980274176, 790698508, -48617844, -595425400, 212873942, -693033759, -325727660, 1040367719, 868375785, 404780225, -879804399, 950844221, 203263972, 228478404, 553101868, 189795963, 333031657, -201747989, -995970128, 349913101, -602206599, 619196719, 328351891, -775348874, -239038579, 538005538, -121790446, -24298615, 198107585, 340455236, 618021690, 237402049, -218066768, 75398373, 241834370, -112069314, 205279323, -415999055, -295447147, 499560284, 480298178, -880998435, 493583407, -183936014, -663490411, 980362477, 959299357, 829028132, -4875004, 1012686367, 725010022, 557314790, 242691251, 684958583, 771041672, 30385165, -913282103, -282727064, -1044120869, -713873645, -789573848, -754233060, 799467283, -645228953, -792742729, 416862049, -539915551, -494203793, -855746854, -1022105552, -683458376, 1023511323, -852409085, -289956646, -338507603, 263619367, 108712802, -187749679, -182891401, -1020242707, 48698296, 298150160, -522034794, -895040284, 405932361, -913550808, -885077103, 257883577, -1009784336, 439280872, 523362391, 688347656, -457761204, 488121769, -380792633, -844902473, -831204584, 888973875, 529479499, -980453649, -946860647, 394312271, 697265823, 430261944, 877417776, -720654613, -1011264848, -1033256656, 765207567, 794417635, -874402401, -793712280, 463761672, 988340338, 459059940, -833127204, 381011073, 485429812, 179899024, -35911028, -566990204, 231532247, 934350506, -241950277, -508529677, 1064332382, -892388165, -796691901, 914839769, -359329775, 231800166, 589191315, -420205093, 700894213, 774046767, -484511929, -477069619, 741761859, -234575524, 917200994, -854130591, 895284888, -552353800, 33411115, -489002246, -1010312199, -463959564, 388619169, 771092638, 365576848, -662598551, 522273947, 518119434, 1021365607, 955852281, -111606399, 300820192, -118755664, -1006966445, 839493281, 810386684, 94924206, 485285332, 1033457455, -101227804, -1013309116, 1059121227, -403985444, 366173533, -1064072936, 300203477, 398157073, 679524378, -205156508, -175447321, -1033732408, 264046992, -932356775, 972904554, -952984569, 336630245, 493538352, -57493247, 273924091, 421252870, 636001486, 778610790, 833603245, -305594408, -664256494, -1030580494, 240807779, -908236666, 9804223, 572128059, 231305877, -384742919, -907819007, 725435351, -240271990, -1038967194, 330996126, 1001186111, -84505201, -121254655, 1015872698, 517601232, 706266324, 400074447, -500477882, -538955285, -406818077, 24059545, -139910649, -498288069, -986174786, 511069692, -891518146, 404617750, -21929837, 253852061, 896908794, 32786429, 248686878, 1046341243, 982570230, -693528002, -31173476, -255495587, 1041160239, -242843207, -809402521, -85655190, 94091271, 338480831, -558149069, 833286871, -995761905, 1060397589, -427963421, 732098234, -145257867, 545049625, -2027767, -983073026, 829833481, -662799364, -502805255, -595131024, -611591955, 43016493, 962267272, -652164875, 59019225, -482148137, -914552218, 953660382, 815843849, -373284480, 747700501, 545545556, -371887164, 363744978, -799906171, -630499346, -803425912, -58091657, -3218098, 466489185, 476653783, -1009318115, -523823223, -812916905, 763939736, 1060011673, -781838005, 1063062872, -639061972, 166636584, 600148159, 655765477, -763748338, -559348272, 674442719, 343520420, 1066510118, 235915236, -16309297, -746170443, -115634774, -494003801, -223543850, -569606622, -175257935, -858613240, -403701254, 985761141, 355859798, 580302476, -985517258, 52902500, -494728571, 1072778826, -482900646, -779171672, 1045675365, -626441457, -60148608, -60713492, -976650142, -295388510, 387111462, 785357280, -1002699562, -631508447, 778992109, -1070996116, 945012563, 427992458, -147431443, 329853698, -1046241649, 319368534, -191804750, 759904780, 687277805, -1027173313, -945620264, -84967547, 1066384548, 833554211, 47637054, 973716900, -245365106, 839786752, -53195542, -616346446, -293080177, -871137, -917111431, 961959677, 497110176, -198059698, -578496703, -462183963, 559177079, -104787387, -241905659, -692414957, -253207083, -33315797, 1004340052, 567564490, 262464875, -618321616, -166239874, -54663083, 377910378, 937144410, 562172980, 274353568, -174146906, -468859298, -773565765, 816125155, -954603674, 838658724, -476446771, -529637511, -403903542, 769331822, -647689460, 160235727, -163235367, 574225425, -1049022429, -930596745, 714156583, 816657505, 900091260, -939410596, -570371553, 258199595, -229692265, -20849136, 55686387, -57869349, 916338189, 911397441, -248227555, 925541182, -607704286, 615844171, -549360496, 883397474, -1061380352, -519705113, -404438656, -952461158, 355568022, 705906432, 897519051, 150354590, -39129587, -504842842, 870577922, -226699057, -664064286, -410394596, -672623336, 1019938967, 801130916, -412943348, 1032795558, 1065760751, 324523084, -190674470, -585119271, 1054586362, 323958324, -724946155, -859240199, 626811855, -228313418, 7462410, -35851882, -243044524, 412195682, -812177293, -84151471, 668637765, -165335077, 1040489293, 573352772, 1355604, -191352498, -931198521, -141378289, 622782315, -204949616, -1029919402, -237636992, 3416333, 256005588, 244363493, -923571234, -376902694, -1045574395, 82771242, 96815826, 609585713, 803424710, 1033320468, 145351155, -403494160, -954710012, 28510560, -688254227, -292307626, -103164364, -534587829, -502323891, 535814410, 798331438, -487242142, 974323691, 557618229, -838903386, -390528139, -681947404, -873307703, 541542467, -457357654, 490127506, 478802405, -42779299, 885843117, 27796027, -445776303, -18300072, 314092293, -659175277, -283063004, -437792104, 524353666, 623266815, -451710075, 537168415, -541336877, 828523463, 420430478, 255170506, 1062419252, 187648487, -512368564, 191801893, 17400900, 775631218, -551375133, 899278310, -873194764, 549714340, -830454833, -205981427, -462297957, 430417794, 244240709, -744094315, 984241191, -663760848, 608469943, -17416745, 159045743, -249610801, 922678647, 981707900, 339975587, -1018906352, 466418291, 348209693, -85871643, 616341850, 726279710, 382984825, 548654321, 1027317140, -54948496, 253545298, 518513398, -623423601, 119760643, -468889884, -157074807, -437873645, 647056222, -379487229, 301683119, -228492923, 171898703, -941691440, 709717528, -285100238, 349278833, -636576489, -1066689429, 963055418, -813327410, 448539977, -898559300, 252683547, 350469789, 703778577, -117635045, 1001059033, -1055985364, 39285396, 288502598, 516859591, -1052614695, 348234570, 994722430, 805262325, 666617402, -160430220, 703577719, 351502135, 355924061, 214637881, 302377576, -510250291, -680952279, -805802143, 741167939, 876012212, 280576739, -584442964, -632496129, -47772792, 1054309069, 507126992, -288205552, -731736556, -333905688, -614553074, -296067848, -395925128, 209161947, -314851728, 505366519, 933967350, -952413972, 585709985, -1022438178, 1022239321, 662861866, -330400663, 165311746, -633100798, 273976493, 857457347, 618306891, 642644368, -288792074, -79151716, -262875540, 448210987, 304590704, 955633194, -507683283, 1034578797, 81620760, 277798119, 503860195, -29942802, 838091832, -729782743, -752137726, 199090283, -347714482, 700053088, 279975625, 749299091, -514073588, -1027674133, -473358821, 499026029, -861877639, 204477591, -404971922, 216300904, 682101813, 48884917, -636491044, 214179329, 396263641, 46417366, -870089641, 707143435, -235277188, -817323227, -502684678, 149606814, -218138797, 16324962, 422367354, -1066282850, -435401360, 396275831, 91715771, -816816921, 482269355, 606995640, -33628801, -165438958, 928054942, 348291516, -86838215, 195575271, -187978551, -291753774, -234296064, -442170273, 676543703, 177321250, -256186977, -381412780, -976839944, -811094174, -863077431, 718293191, -295227283, -552049871, 1014829161, 319638222, -732056542, 413800468, -13390312, 741300248, -909106315, -748662774, 395158696, 275549726, -671136491, -587493939, -343143459, -790396440, -928630779, -469957464, -522354884, -809704327, 1035776192, -274781201, 111969531, -1063074855, 702850679, 621400096, 606089751, -981036355, -128560522, 949476245, -52314747, 735559892, 975799204, -823217950, -97332096, -765506128, 646539305, -141913903, -892624383, -292462513, -875557078, 652289527, 720673613, 535596358, 47776943, 955445234, -935378008, 697243017, 405703078, -139073470, -771606233, -668661799, -567604735, -959489342, -328205149, 693554890, -404712710, -315061310, 618989257, 9327984, -659412106, 894002625, 570481743, 601984166, -735637369, -706869044, -630787263, -573326598, 582875148, -679496339, -725656711, -99901128, -880370829, 340208978, 400309293, 313728402, -919999329, -399096964, -102213469, -1030383767, 1072527077, -475531744, 844361215, 803020218, -280719825, 97651742, 788028476, -249380312, 80350787, -3616741, -20960199, 553999009, -634942434, -928701635, 707273963, -331189328, -409273478, -1024015998, -582532687, -838869665, -677778833, 909128126, 450264005, -634331961, -173959882, -505971921, 554596558, -446125002, -726322168, 597580478, 1061179538, -727936005, 763364644, 381047253, -286278712, 418547152, -425282320, 1029736663, -536338933, 274580709, 195814967, -880861376, 715848939, 437896325, 436583569, -512941221, 288200222, -693368985, -188847392, 591137690, 189032148, -526882412, 324528118, -985060459, 188126760, -234889489, -120911020, 696991394, -195013454, 848842854, -444828658, 10469901, 644506425, -378740300, -955925558, -400459532, 999166598, 155224528, 14129127, 147657666, -48222637, 299993077, -383669574, 806262086, 227698019, -1025843377, -1070143757, -245256337, -113123157, 492413759, 32605982, 102298022, 954391470, 510557771, -561530042, -515685688, 340013030, -458195547, -755872076, -685457218, 933422430, 994888534, 177776597, 464502715, -671810979, 828350727, 948544569, -482589934, -325864388, -911385236, -599854409, -1073223246, 966847321, -921221554, 484486575, 728623167, 596108324, -1072291533, 542709608, -85570867, 942761814, -306352981, 358906519, 542464059, 118221634, -1007901638, -951627519, -827879126, 956547140, -385836835, -149622217, -725326695, -501984682, 36538427, 999500928, -651602913, -161828415, 323697769, 703285718, 295756228, 765637871, -135848358, 77538054, 270811515, -311745185, 310691041, -473890054, -710121408, 393382323, 548678245, -615039980, -718884150, 421871332, -844279008, 926970288, 227212781, -539053419, 739495443, 1023129548, -36394352, -369446780, -956228982, 193448644, 637380422, 575722781, 958110791, 306102581, -55428726, -771533015, 921725006, 491239940, 65396892, -726959452, 715183181, 789457015, 979192818, -402579797, -556182875, 440828032, -347668643, 121632916, -325728999, -1048435430, -423895366, 316943896, 454037522, 1011915468, -266699951, 805380267, -34056052, 1015685195, 356752589, -493855763, -1067256159, 12578621, 829169624, 281262392, -1051801936, -451901673, -685775790, 834988633, -907599062, 904037415, -657251025, 293453148, -129011464, -428956498, 966472683, -400061567, -931477364, 397000229, 637350314, 882206027, -437197437, 891913376, 382795759, 848539062, -435542284, 422258256, 799032057, 477165192, -591459752, 219208995, 38596533, -890302528, 591670038, -1063536506, -121077916, -292004821, -34443095, 33096010, -891518261]
n: 1024, i: 3, time delta: 611446, mem delta: 575263976
[-270230250, 1057731952, 663665060, 51834641, 970557214, 543608850, -395781297, 242753080, -133787101, -208500341, -1050602036, 606477627, -503277989, 1026402776, -843780407, 885555648, -84350846, -441785029, -36026720, 367632761, -187381969, -635825109, -853515530, -798120675, -563803325, -948125732, 908837252, -8548097, 824913274, 960671078, -910355214, -422838968, 731370275, -932466284, 244837855, 226154453, -234867732, 387364684, -219958786, -238736977, -305476905, -124091754, 388604762, 512064035, 480830537, -146580918, -79898183, 375458174, -130434239, -954637733, -100323297, 174701927, 575469478, -347729734, 276056170, 118241497, -700088392, 913032936, -302258406, 532494779, 435859113, -601277925, -338753229, -676268515, -821747131, -877464564, -265603525, 496554769, -238718516, 864540251, -1040338849, 764374820, -792313888, 426388128, -141540174, 748722808, 847264153, -963286769, -358376043, 744126079, -937577290, 390168519, -375842511, 741250902, -758858001, 545719479, -835959263, -843210565, -649490330, 1027890221, 249317421, 236288173, 454587195, 945454589, 44533553, -267269729, 700797502, 286827338, 591407645, -183488936, 639647936, -1063729420, -24772587, -593165974, -485397118, 12812958, -587556423, -678204852, 351539919, 374370906, -366054273, -845487593, -691071578, 117500148, -370001349, 173410778, 549660175, -551199016, -544917824, 386550938, 795955854, 702195104, -349551199, -880449815, -937811787, 619874878, -794912239, 110988833, -538682156, -322162749, -503192856, 825921853, -281283892, 807079114, -587895610, -795218603, 262947330, -866118269, -751827886, 996503477, -400654737, 138886239, 245267100, -120348776, 270258387, -908848299, 394579361, 990038406, -138672119, -571803696, -820898068, 296953415, -94057098, -235875531, -359038375, -971884669, 327839387, 764549652, -582701323, -351202312, -312316470, 585257962, -1011352575, 157351254, 990456822, 814749072, 753361942, -565364294, -48292445, 561903685, -446519198, -153171259, -25748228, 625981267, -657871344, -861520807, -986281213, -821871008, -737800250, 282158319, -186576413, 606081619, 947193160, 544641432, 844429921, 84156128, 209511225, -404998258, 416949873, 335254194, 859542786, 832300406, -30088475, -977136588, -550530357, -881799627, 1011802688, -446285572, 420672935, -789715092, 77320873, 200067541, -994546740, 702363025, 17047803, 2096488, 464776959, -162955349, 116890361, 357528454, -720027890, 785204394, 74629791, -888644843, -124239241, 408251488, 660391059, 144297108, -1030779097, -726413792, 852566971, -466615476, -24150692, 348473074, -624473112, -820920555, -710654293, -684672656, -29663825, 28686530, -675032290, -1015025344, -845241000, -409291990, -413927819, -1037499347, 67849968, 179000020, -483917939, -693212444, 882772345, -652245442, 996449246, 988130121, -74355902, -1042290486, -295227105, 89656948, -949876399, 1057761862, -465703164, 372145228, 511661052, -619961066, -879756505, 768685757, 687630999, 857992448, 103364869, -671756647, 343226439, 92127380, 198397983, 551635977, -837858315, 346122038, -539119040, -691395410, -935133857, -570481207, 449872863, 505755992, -15691448, -584248326, -228431718, -287132319, -292671792, -732414938, 201807330, 903039399, -394881058, -656961559, -93409866, -163848923, -357714247, -547005628, 640222088, -1012568786, -1045482826, 786727018, 697437500, -52922555, 665607692, -580819417, 371286606, 172943003, -287183165, 903029486, 764201746, -774037723, -394062645, 882904701, 902890007, 511860826, 547266345, 229737519, 409069989, -941991546, 62653004, 865419230, -124692634, -869439026, -675729026, -261660814, 600553505, -935680575, -204513930, -844713205, -641995359, -265397098, -625751542, 272999879, 383510708, -278300920, 514526465, 618965296, 395157839, -462837301, 356001799, 969387333, -995086641, 686298537, 871763897, -681128157, 383705690, 331583294, 155275744, 1041434704, 793011556, 337995852, 46181563, -1045804891, 38403662, 388183228, -323581579, -261946155, -779403992, -527588046, 745696182, -705829986, 293106327, -599510709, -984053674, 959239050, -266964270, -924390538, 602330411, -886475934, -479181114, -893683604, -805174269, -295086288, 263687514, -475020211, -188089683, 1021137904, -119902515, 590655321, 1063025202, -1055810605, -710794182, 534023239, -530200798, -543746769, 559625533, -259200443, -515226360, 612038150, 481865136, -89078643, -231663873, 749227568, 422948239, -770715232, 23525214, 484428328, -137571078, -974042077, -946759538, -634611599, 580071000, 700198738, -367066883, -553518173, 683432087, 831291685, -480152533, 454800150, 401068946, -787160066, 889166562, 460588073, -931958644, 1067797003, 115981442, -37433808, -888338215, -492616642, 771750778, 884323064, -201474916, -842135834, 790800083, -844104201, -20243541, -437264918, -458960154, -135162859, -823215473, -121607518, -30766290, 545445393, -425011801, 1062643026, 553586488, 1019740050, 193643627, -851493820, 100969655, 740633803, -620224818, 750488193, -777590604, 288673993, -314992963, -92864468, 449890786, 788727388, -713119803, -742099334, 720647695, -885209697, -504668463, 265455953, 130839735, 300460070, -739664880, -170020740, 383060147, 45057476, -617000715, 970486409, 999240463, -40512522, -296788904, -1041388736, 1069781241, 300634608, 2803386, -280592448, 1024616148, -456840383, 1043480742, -214091209, -260289940, -852534491, 614982962, 289400637, -63570363, -33244569, 736060069, -122081586, 892694540, 615105009, 734186290, 654541538, -711791569, -681792526, -797675549, 1062362539, 574142600, -569492054, 371214225, 389998955, -359897036, 274801621, -646609905, -304018449, -555722110, -14521423, -35055769, 246640555, 1001453319, -571718994, 1022102332, -393165709, 320362703, -481507662, 634170447, 629281236, -996394322, -983740154, 321367069, -847670003, 413472436, -892123680, 146700964, -904706899, 766151358, -69594483, 358234694, -877939766, -661638103, -82402245, 70700999, 36679387, 15684770, 145703264, 241676401, 965905459, 138195481, -1011396661, -958386089, 813615642, 754926548, 814559557, -43830602, 657732746, 147021472, -315555613, 565853815, 1044409475, 20918818, -906126613, 1062344912, -730707189, -27752117, 974780769, 836446219, -826918458, 881385450, -368079059, -806485921, -216974547, -862191781, 1020455914, 353934586, -78513042, -266963875, -623472051, 255780640, -269817119, -2863102, -803960016, -67023507, 90040098, -976894529, 66707258, -66695882, 642895823, -902408029, 23576877, -273682418, -344736289, -370906715, -667888948, -116105372, -599167843, 528095509, 825593447, 169922634, -424155328, -36336331, -114721019, -37738160, 903427625, 538824673, 347836716, 735241359, -43162183, 839030121, 368469583, -2371646, -245440308, -254255489, 584201429, -375559026, 370653397, 44533580, 247488194, -140651806, 912594326, -908331619, -988706556, 29562745, -939547011, -735299526, 588881244, 337139836, 203657110, -55965353, -343818009, 527151685, 193981489, 953894436, -554768056, 284655167, 745382161, -430338689, -643540364, 265117161, -425797554, 854054857, 481556250, 476034041, -613146424, 1062238678, 809692589, -865186403, 1046072136, -757914370, -905450481, -572187172, 878690100, -124676528, -669998116, -502788837, 438804719, 593676007, 649005391, -172687684, -160906293, -639660204, 97212117, -1011527967, -663289428, -377958342, -195133652, 891955791, -844025286, -619294215, 422139960, 104022637, 537762754, -683758206, 7825506, -534413461, -691644502, 1044099146, 343990445, -820022657, 906839183, -281817766, 393080151, -123508150, 860798973, 1055411586, -608819416, -130340007, -763100726, -187625298, -868642982, -332960056, -234253553, 1053413968, -845340636, -19044094, 318503620, -309198083, 214670309, -189351261, -874227209, 773810452, 597419242, -740536962, -1004514903, -564864359, 1059637212, 490389434, -880006075, 171016736, -805649719, 5709591, -382999362, 505561316, 425915085, 457496143, -595638973, 719708151, -739315108, -672543081, 695662498, -930225516, 290460207, 374073156, -96206538, 1001450384, 990705353, 418579851, 572048526, 251709423, 528172197, -23257503, -938851684, 591745171, 309306622, -407520127, 53605783, -513903345, 594349370, -1000823668, 1016872814, -930946662, -830418188, 20928842, -569047576, 597021215, -33048923, 284385806, -970738083, 306562161, 586198766, -686074568, 455183114, -422650980, -246096252, 467060948, -722957291, 852944471, -720847176, -50500768, 868705822, -502916459, 62990498, -858282324, 466473086, -958482374, 153585385, -307540263, 113696031, 788980971, 123935282, 492633987, 150088696, 182137598, -120464861, 747563259, -362636253, 500524433, -58057453, 187690925, 7910556, -382065738, -546910128, 762978209, 30973592, -1044812596, -781014260, -166881763, 1059007360, -430391319, -1071421980, 876946279, -787021688, 809175155, -6512370, -348911961, -102325775, -154566194, -255671521, 168838635, 323074007, -1014897617, 971029111, 809714757, -743209289, 392252559, 279456586, -166569969, -163695231, 245920188, -989711285, -789888177, 426384214, 229431434, -987786250, -604205003, 253357791, 330553638, 790206586, 150991809, -525577911, 177170314, 937550914, 974977153, 549506784, 805417228, -388648673, 514610040, 620629831, -1326830, -307635180, -41392869, 672698194, 488406752, -969956419, 513640564, -759898496, -715622766, 390505308, -1028328854, 238418456, -788005083, 584004737, -299957480, -692584482, -956272721, 3735894, 487459673, -486469006, -97110609, -788778619, -851400603, -977934010, 485539455, 847788998, -399837292, 406660666, -931772954, 412747272, 759170114, -49009962, 271891402, -803496389, -244256308, -561395933, 760091394, -565545544, 764249014, -1015104474, 507603786, -24794802, -116800018, 59878394, 995076176, 292847594, 602322731, -426004087, 978397163, 315484642, 490207088, 37517799, -853841557, 982280926, -903963475, 520640843, 1064343563, -278497181, 993095556, -614959702, 568330883, -241568003, 105706025, 593805554, 1025370554, 1058676745, 751416162, -959374112, 642338969, 664386076, -1069707346, -959274370, 863721211, -463458796, 173318786, -618158275, 770611648, 66495161, -652686930, -957564502, 322302465, 354609422, 1011530975, -360550448, -227398307, 569942842, 543021885, 148603179, -664684174, 799387662, 811069748, 172508740, -1029548952, 950371635, 191387729, -187934738, -559156057, -573062671, -241306814, 64792603, -452118103, 707847326, 47818752, -491778469, 409262057, 419474593, 873667080, -894311949, -828861957, 515396386, -882932028, 583392150, 553742517, 273900624, 386319881, 92674242, -288486261, 682140494, -445607750, 404208314, 920050169, -644545861, -84652151, 1044396827, -122844391, -3580964, 968348637, 447557662, -17844140, 732180072, -1024623408, -444474775, 938877493, 579556080, 101214799, -354847086, 285015641, 793651690, 973439077, 77786161, 804708739, 601321817, -1059971951, -425061216, 679672012, 863931162, 423984979, 980185938, -233282569, 372940236, 254806982, -300230195, -75259166, -965305763, -757883033, -192474811, -814733287, -471085010, -204839949, -229358634, 503792261, -564569630, -753558161, -1053655202, -1043419070, -171356984, 182720065, 265898998, 84167822, -671533854, -659035268, 310046731, 635005661, -771094638, -99771591, -886465508, 709333257, 594826976, -660449504, -574531566, 551641766, -704630934, 806731014, 318581815, 102608756, -87250199, 453195696, 671850452, -767052051, -588652197, 737241526, 182339436, 178180863, -146242861, -625335165, -919487346, 962649044, 141362137, 1064537465, -729351845, 127776460, -955718017, 814428977, -40062571, 99066508, -168080895, 617477344, 369550175, -581242320, 618826520, -140263979, 1072462231, -634320484, -151298341, -1007405282, -698975796, 658345200, 153514578, 555331915, -646326306, -613296871, -533448551, 790210634, -107173583, 250731396, -760794706, 405693297, 575213965, -981012754, 932680663, 732124059, 705422230, -1016093864, -471342669, -381816471, 111316706, 349277974, -299329829, 252116394, -774138436, 512263941, -519981772, -781965867, 438723701, 970468316, -295985964, -852480333, -159185823, -692077924, -546490226, 889186074, -976239499, 796733985, 367798556, -802929453, -990211717, 843841499, -243517208, 928918941, -134391825, 901547414, 885391991, 247369291, -228038278, 189065844, 66147186, -839548408, 724795400, -536819459, -516000174, -629314629, 1010669704, 337407053, 79834280, 767230853, 434995007, 390164076, -595934201, 41515623, -832010294, 782608826, 1051807631, -650512895, 192055982, 624594825, -528437226, 868206197, 635560605, -821422651, 1041020148, -499722134, -817642680, -684749362, 68042603, -311950035, 695788507, -819079578, -276958543, 566690545, 978851610, -1010206010, -420111716, -253765833, 711199510, -970690357, -92728599, 1038470473, -889517429, -1061009330, 341449001, -855371040, -910476839, -361316975, 494342985, -877642523, -37525091, 439206100, -154438468, -54454700, -543147796, 1025189128, 180948039, 965753661, -675880660, 642860955, -589552535, 269689317, -193288818, 908141426, -244252572, -322939895, 927957035, -568631051, -479207444, -127944126, 608978618, -349104829, -32681109, 565246852, 532160748, 862716550, 631196399, -683601216, -540882332, 723602274, 881060273, 653810858, -415974826, -209802361, -793917373, 419200917, -297014597, -788437145, 196734805, -157962375, -78931666, 484918529, 758019363, 838660119, -669975706, 471662554, 826623871, 24188723, -890994351, 766691853, -720024458, 147484928, -161554743, 697732218, -878402654, 891357338, -667765003, 257734682, 689009164, -333990227, -727751873, 1062967923, -164937029, -601999309, -102830099, -345356506, 640525789, -291590310, -878114721, -279754586, 174938257, -189853565, -326751004, -593729021, -11280561, 547691879, -724947912, 885525476, 395975925, -84692908, 54688414, 499750548, -722399121, -517850731, -107700074, 221100851, 684753665, -426020624, 127048508, 143676941, 261493044, -425829047, 17737789, 814015495, 807114843, -991103900, 781555574, -348938955, -1055739200, 705017032, 177101866, -188979575, 342068336, -471221314, -215009312, -166597465, 36174496, 197589369, 707033303, 311581139, -46112837, -210352817, 575301159, 1044920588, 160335369, -575196122, -769944714, -241878990, 138099453, -712002838, -133269933, 338795362, 867046683, -229406918, -525289678, -737782942, 397110916, 246937634, -763602939, 831834424, -519881185, -333840125, 147483251, 847155413, -470017690, -471756657, 931704759, 208688367, -204453686, -976062991, 1252376, -766087700, -456689468, 860077577, 979884032, -394873350, -866766470, -289381675, -461637444, 552750139, 131391242, -106934549, 761318095, 309008670, -311241611, -606677214, 650979315, 557057481, 10900267, 1034153041, 52163245, 95418546, -232701649, 422012719, -142052980, 1064487245, -1008543770, -953552806, -872225795, 360217823, 788084098, 887432819, 922962638, 729431666, -24487163, 407684198, -639238595, 271426529, -1049968396, -814437945, -1052947524, -416157165, 159403163, 306956120, -977472188, 884486724, -384626697, 841093543, 429395027, 195955327, -23470525, 141540308, -654884220, 914385704, -702062814, 137763953, -97162807, -578141259, 754772581, 1060552322, 896630343, -166424451, 445847162, 876822691, 509686733, 613430185, 926712690, -164576183, 79995122, 25635655, 570821805, 1034145568, -955563573, -641083779, 641739557, 521511060, -112972730, -524936230, -3149229, -129884820, -201920473, 574710472, 815968705, -859991152, 10501276, 650867230, 386349, -756828181, 467993982, 869230034, -556417705, 818241643, 834699815, 996740556, 1007627112, 642817061, -778240022, 746072021, 284621055, 784788374, 1024270899, -888142162, -111798568, -238060795, 995805756, 335108157, 1004792859, 539975940, -134578071, -814424862, -746975169, 663749396, 231070018, 843645416, -138839655, -606346648, 38596618, 630288664, 570411653, 96219842, -617172736, 484886375, 848037679, -255476358, -47624911, 811975887, 740072959, -150359395, -72363528, -671062213, 113593503, -1020843470, -643334636, 343442075, 333056938, 398735256, 428805732, 663390232, -717960462, -543059701, -432284607, 692604513, -328308626, -1033245371, 178014072, 797887780, -679482434, -535930559, -135494173, -755049063, 776450141, -250419173, 213553827, -904908232, -398538654, 700661523, -706242821, 265738123, 770015731, -822304848, -1054816564, 67547166, 984783175, 489894401, -340833623, 566590866, -515948203, 129134846, -660704874, 34810065, 748866846, 49593102, 934347874, -568779941, 437478292, 929835170, -820890466, 548182975, -1047672794, 441903870, -239320775, -774029530, -367205911, -631532264, -740914503, -89677302, 788155236, 701354137, -26316520, 318093828, 684446968, 918692096, 277476665, 471413442, 777421802, -778078490, -230115323, -1023317994, 146683919, -3705508, -415788761, 112570156, 158450195, 626682736, 683972448, -97140524, -707406747, -718658609, -58387321, -806537475, 188602562, 952028292, -916685023, 92548931, -748137379, -838641442, -232049768, 136725663, 656745640, -656220304, -31635684, 477770301, -995721534, -352938446, 429747731, -979922581, -975029379, 444346053, 485855294, -261274451, -268985846, 507933908, 510018665, 476201453, 929448772, 978727062, 379063758, 933465551, -391776363, 241659759, 861721864, 11360803, -839192183, 85947574, 593868463, 474634612, 416917229, -775310190, 762896788, 111376829, 527250083, 399923965, -529211750, -1070901189, -394374906, 548602091, 715799599, 794026078, -710051596, -901885565, -597018778, -751720487, -196002948, -601783924, -357000013, -258491943, -655182811, -119104797, -176637374, 200254290, 318010329, -825180632, -607068684, -381898124, -234033043, 745249913, -545425161, 645299005, -461102386, 932809558, 201630464, 970314536, -868966967, -943999836, 852252456, -420440573, -607451274, -91880243, 882992224, -978082338, -96239806, -146237180, 31632274, -91244513, 382933656, -938307674, -337386154, 782541235, -740015572, 254688444, 634702158, -226495393, -147891740, 540337309, 892145951, 826203956, 602258787, -562544975, 921399564, -105880543, 956021554, -790486448, 662519856, 513021090, 964614285, 969859016, 8792664, -815618154, -902805560, -303241347, 899343739, 189848111, -84927652, 536117547, 754418903, -40751613, -628858990, -1036749496, -890657879, -345491905, 412083403, -560158075, -407879289, 862209530, 113189993, -532817550, -342439330, 881619367, -202487202, 105224257, -911318012, 552727973, 552734031, -1032839006, -698336391, -925486095, 928882532, -941796914, 231025599, 719100667, -373644881, -649293664, -908412845, -702879850, -154360778, 119228381, -940378809, -918662136, 357063839, -132388204, 113022717, 93546049, 58678647, 9927329, 748290946, -425251031, 830715934, -961956533, -195960956, -896275182, -523005101, -624416755, -636407567, 418915149, -246194088, 952536946, -337718994, -701081384, 14547138, -718339559, 279021809, 386715701, 60591839, 174754264, 592826300, 821537366, 474806979, 153021693, -760887049, -616233293, -214200847, -512718416, -144328536, 980013694, 429799331, -744274572, 136366545, -199288594, 399598519, -66866484, -259678106, -767899976, 206806582, 137473786, -155201303, 422834845, -572283519, 1022876130, -834472028, 888266012, -579521254, -135304690, 685623682, 872806727, 527135500, -177865013, 666310795, 568619187, 726436344, 695415408, 1002202619, 691254409, -326067778, -49951042, -945210371, 788712889, -555300668, -787700381, -20436727, -809550257, -17965082, 14495385, -696133929, -1036098083, -628458758, 834285548, -748923138, 691763992, 542865406, -369177320, 601120558, -9810817, -51515679, 186025232, -702820602, 382736950, 282893290, -600785637, -186353261, 345438961, 26953417, 413572121, 143903846, -198877685, -303214535, 242489316, 623611473, 772431031, 126824526, -351193390, -209875010, 845720653, -938651808, 629581654, 562284203, -32169018, 1002390420, 199815110, 261353542, -1027938749, -234545916, -1030252489, -700616160, 740713671, -841676150, -388902780, 747754769, -663123706, 671236398, 646460526, 201577385, 698252117, -234180567, -219451427, 193893966, -923560512, -213406826, 473015621, -417966345, -637389254, -1011460172, 864589860, -208845180, 255541743, 701447898, -766984793, -939840073, 793725878, -525263880, -815958676, 749986771, 1072000930, 400131013, -409416605, 745559247, -766306888, 241612426, 225266637, 138375479, 27782586, -1006074741, 711882342, -486538848, 704943650, 637193997, -148851296, -387319866, -320372694, -717041655, -299132668, -348293308, 335725320, -443485589, 185428413, 555184110, 90615864, -331635449, -534957008, 944718798, -478668047, 425996825, -1005024829, -239168838, -697932615, -1055046281, -288596801, 990635407, -1027309292, -671388843, -490964912, -22899956, 313082456, 141717941, 623064745, 479057997, -546414180, -915982743, -161794236, 705871585, -152382513, 151784390, -857802937, -373028213, -688120348, 571899367, 413552131, -66778990, 242973227, -415243621, -1041764459, 472103621, 779534523, 510574060, 625293231, -33523697, -556653300, -125983411, 440966769, -348078926, 896989857, -453711009, -201107087, -823360477, -402337054, -187236768, 614255322, 649143938, 280847879, -1049361616, 1005486256, 528110517, -717694671, 314038017, -1057905103, -12491232, -948497517, 741228955, -907089577, -914561277, 691795149, 61588042, 1043330683, 572374639, 292511321, 80085349, 495045651, -903534362, 680993310, -408055685, 810109084, -667538290, -879753182, -785693925, -899713901, 280422418, 999046493, 522062400, 562113180, -4082410, -483353176, 763026519, 771088326, -789858220, -7378220, -367078417, 323710438, 761665880, 936780504, -363049220, 465625631, -640107564, -1058191582, -22120248, -111644284, 237565089, -433846514, 470501495, 464049620, -674474925, 443473780, 763534901, 864580708, -1024507529, 635396444, 349817086, 833671450, -516375445, 32272844, -801284343, 161410965, -504346918, -536513342, -224922926, -430087062, 1012959443, 366998846, 305843907, -844171126, 304147846, -518620041, 116294014, -346234689, -317058662, 287861293, 802399433, 274312021, -801342163, 248889374, -145168105, -1072028203, -811678871, -548474222, 110235567, 1008180460, -592461376, -807407599, -99869317, 637728875, -822388540, -457264587, -1015697296, -85568152, 357275812, -560412262, 297206164, 74113153, 592837447, 729839345, 587447729, -70069695, 356771326, 269550388, 447315604, 269717402, -169915158, -970249996, 293621506, 66719890, -509611542, 715489486, -527482056, 579063547, -840738498, -539360516, 139317278, 817405786, 669068733, 1060687879, -863294713, 695596522, -1005621585, 421106330, -938501081, -287163975, 675635528, 319286386, 136334738, -154736657, 648142786, -19103630, 97304813, -319133394, -861323243, 121326548, 838186419, -43082987, -86463402, 430514297, -873469402, 881274847, 682649257, 242561632, -165560112, 808134185, 496243428, -934229451, 782333108, 548846289, 796377026, 666783489, 71968278, -1029220614, 784468417, -761136896, 93891044, 380705835, -826846823, 22126480, -91904576, -33173353, -255352743, -576310203, 606151339, 906956151, -690457825, -722952935, -326344625, 769241492, -692238221, 740081601, 45175529, 772717025, 589654337, -1035423717, 862180817, -491404732, 569575281, -620555325, -66110297, -29388683, -724079579, -470618940, 710118684, -476370177, 684822414, 320609643, 580930394, 662576740, 661132395, 351737656, -359701743, 665891422, 785203488, -175683858, -920561889, 876147007, -332713873, -569708598, -140213797, 365659001, 381686741, -627554352, 614715391, 85426490, 383123843, -1020868800, 592838703, 259161136, 782198775, -817840856, -330493654, -113499286, -197598921]
